procs -----------memory---------- ---swap-- -----io---- -system-- ------cpu-----
 r  b   swpd   free   buff  cache   si   so    bi    bo   in   cs us sy id wa st
 2  0   2560 1001536   5796 6437132    0    0     0     1    0    0  0  0 100  0  0
 3  0   2560 968204   5796 6437288    0    0     0    74 9530 9276 18 20 62  0  0
 4  0   2560 967892   5796 6437288    0    0     0     0 9141 9782 10 23 67  0  0
 1  0   2560 967840   5796 6437288    0    0     0     0 8837 9234 11 23 67  0  0
 2  0   2560 967900   5796 6437328    0    0     0     0 6962 7012  9 15 76  0  0
 2  0   2560 967988   5796 6437344    0    0     0     0 9242 9942 10 23 67  0  0
 1  0   2560 968224   5796 6437348    0    0     0     0 9295 10236 11 22 67  0  0
 2  0   2560 967876   5796 6437352    0    0     0     0 9079 9719 11 22 67  0  0
 1  0   2560 967952   5796 6437388    0    0     0     0 9029 9612 10 23 67  0  0
 2  0   2560 968256   5796 6437388    0    0     0    20 8675 8889 11 23 66  0  0
 1  0   2560 944304   5796 6437392    0    0     0   297 8803 9263 13 23 64  0  0
 1  0   2560 944112   5796 6437416    0    0     0     0 9055 9648 10 23 66  0  0
 2  0   2560 943912   5796 6437416    0    0     0     0 8966 9422 10 23 67  0  0
 1  0   2560 943508   5796 6437452    0    0     0     0 8618 8720 11 23 66  0  0
 1  0   2560 943704   5796 6437472    0    0     0     0 8879 9308 10 23 67  0  0
 2  0   2560 944652   5796 6437484    0    0     0     0 9091 9642 11 23 67  0  0
 2  0   2560 943804   5796 6437484    0    0     0     0 9145 9770 11 22 67  0  0
 1  0   2560 943444   5796 6437472    0    0     0     0 6426 6208  7 15 78  0  0
 1  0   2560 943456   5796 6437488    0    0     0     0 8817 9230 10 23 67  0  0
 2  0   2560 943720   5796 6437488    0    0     0     0 9211 9931 10 24 66  0  0
 1  0   2560 944192   5796 6437488    0    0     0     0 9301 10116 10 22 67  0  0
procs -----------memory---------- ---swap-- -----io---- -system-- ------cpu-----
 r  b   swpd   free   buff  cache   si   so    bi    bo   in   cs us sy id wa st
 1  0   2560 943976   5796 6437512    0    0     0     0 9215 9954 11 22 67  0  0
 1  0   2560 943032   5796 6437528    0    0     0     0 8934 9338 11 23 66  0  0
 2  0   2560 943928   5796 6437564    0    0     0     0 8730 9102 11 22 67  0  0
 1  0   2560 943432   5796 6437564    0    0     0     0 8783 9128 11 23 66  0  0
 1  0   2560 944636   5796 6437568    0    0     0     0 9134 9734 11 23 67  0  0
 1  0   2560 944552   5796 6437572    0    0     0     0 8971 9466 11 23 66  0  0
 1  0   2560 943796   5796 6437588    0    0     0     0 8679 9074 11 24 66  0  0
 3  0   2560 965348   5796 6437600    0    0     0   164 8532 8661 15 24 61  0  0
 1  0   2560 968284   5796 6437604    0    0     0   116 8522 8731 12 24 64  0  0
 1  0   2560 968268   5796 6437604    0    0     0    12 8444 8639 10 24 66  0  0
 1  0   2560 968368   5796 6437604    0    0     0     0 8580 8845 11 22 67  0  0
 1  0   2560 967604   5796 6437628    0    0     0     0 6218 5920  9 14 78  0  0
 3  0   2560 967384   5796 6437628    0    0     0     0 8564 8826 11 23 66  0  0
 1  0   2560 968456   5796 6437628    0    0     0     0 8806 9275 11 23 66  0  0
 1  0   2560 967996   5796 6437628    0    0     0   308 8725 9190 11 23 66  0  0
 1  0   2560 967880   5796 6437628    0    0     0     0 8962 9549 10 23 67  0  0
 1  0   2560 967784   5796 6437628    0    0     0     0 8826 9294 11 23 67  0  0
 1  0   2560 968172   5796 6437628    0    0     0     0 8713 9021 10 24 66  0  0
 1  0   2560 967704   5796 6437628    0    0     0     0 8822 9282 11 23 67  0  0
 1  0   2560 968532   5796 6437664    0    0     0    94 8889 9339 10 23 66  0  0
 1  0   2560 968604   5796 6437676    0    0     0     0 8630 8887 10 23 67  0  0
procs -----------memory---------- ---swap-- -----io---- -system-- ------cpu-----
 r  b   swpd   free   buff  cache   si   so    bi    bo   in   cs us sy id wa st
 3  0   2560 967900   5796 6437688    0    0     0     0 4336 3777  5  9 86  0  0
 1  0   2560 968212   5796 6437716    0    0     0     0 8422 8682 11 23 66  0  0
 2  0   2560 969240   5796 6437744    0    0     0     0 8717 9071 10 24 66  0  0
 1  0   2560 968812   5796 6437748    0    0     0     8 9231 10034 10 23 67  0  0
 1  0   2560 969044   5796 6437748    0    0     0     0 9233 9831 11 23 66  0  0
 1  0   2560 968900   5796 6437748    0    0     0     0 8992 9518 10 23 67  0  0
 2  0   2560 968148   5796 6437752    0    0     0     0 9027 9701  9 24 67  0  0
 1  0   2560 968668   5796 6437752    0    0     0     0 9035 9795 11 22 67  0  0
 1  0   2560 969184   5796 6437752    0    0     0     0 9079 9818 11 22 67  0  0
 1  0   2560 968912   5796 6437752    0    0     0     0 9098 9902 10 23 67  0  0
 2  0   2560 969104   5796 6437752    0    0     0     0 8974 9610 11 23 67  0  0
 1  0   2560 968744   5796 6437792    0    0     0     0 8724 9088 11 23 67  0  0
 1  0   2560 968772   5796 6437792    0    0     0     0 8883 9409 10 23 67  0  0
 1  0   2560 966616   5796 6437792    0    0     0     0 6283 6243  7 14 79  0  0
 1  0   2560 967264   5796 6437804    0    0     0     0 6322 6439  8 14 78  0  0
 1  0   2560 967384   5796 6437804    0    0     0     0 9040 9757 11 23 66  0  0
 5  0   2560 967752   5796 6437804    0    0     0     0 8931 9546 11 22 67  0  0
 2  0   2560 967924   5796 6437808    0    0     0     0 9115 9910 11 23 67  0  0
 1  0   2560 969200   5796 6437816    0    0     0     0 8719 9337 10 21 69  0  0
 1  0   2560 970188   5796 6437840    0    0     0    52 8715 9062 11 21 68  0  0
 1  0   2560 970856   5796 6437840    0    0     0     0 7885 7834  9 21 70  0  0
procs -----------memory---------- ---swap-- -----io---- -system-- ------cpu-----
 r  b   swpd   free   buff  cache   si   so    bi    bo   in   cs us sy id wa st
 1  0   2560 970940   5796 6437840    0    0     0     0 7722 7546  9 21 70  0  0
 1  0   2560 970624   5796 6437864    0    0     0     0 7791 7704  9 20 72  0  0
 1  0   2560 970840   5796 6437868    0    0     0     0 7379 7459  9 18 73  0  0
 1  0   2560 971228   5796 6437868    0    0     0   116 2508 2314  2  5 93  0  0
 2  0   2560 971284   5796 6437880    0    0     0     0 8239 8536  9 21 70  0  0
 1  0   2560 971556   5796 6437892    0    0     0     0 8189 8595  9 21 71  0  0
 1  0   2560 971728   5796 6437892    0    0     0     0 8038 8236 10 20 71  0  0
 1  0   2560 972288   5796 6437892    0    0     0   209 8073 8193  9 20 71  0  0
 2  0   2560 947364   5796 6437892    0    0     0   332 8277 8512 11 21 68  0  0
 1  0   2560 946876   5796 6437892    0    0     0     0 8090 8271  9 20 70  0  0
 1  0   2560 947508   5796 6437892    0    0     0     0 7831 7608  9 21 70  0  0
 1  0   2560 947408   5796 6437920    0    0     0     0 8033 8203 10 19 71  0  0
 0  0   2560 947316   5796 6437908    0    0     0     0 3830 3736  4  8 88  0  0
 0  0   2560 947160   5796 6437912    0    0     0     0 4230 4173  5  9 86  0  0
 1  0   2560 946716   5796 6437912    0    0     0     0 3718 3578  4  8 88  0  0
 0  0   2560 946648   5796 6437920    0    0     0     0 24462 21631  3  6 91  0  0
 0  0   2560 943532   5796 6437920    0    0     0     0 14675 15186  1  3 96  0  0
 0  0   2560 941280   5796 6437924    0    0     0     0 11873 12519  1  3 96  0  0
 1  0   2560 940160   5796 6437948    0    0     0     0 13902 14460  1  3 96  0  0
 0  0   2560 938476   5796 6437948    0    0     0     0 14647 15303  1  3 96  0  0
 0  0   2560 937292   5796 6437948    0    0     0     0 14635 15237  1  3 96  0  0
procs -----------memory---------- ---swap-- -----io---- -system-- ------cpu-----
 r  b   swpd   free   buff  cache   si   so    bi    bo   in   cs us sy id wa st
 1  0   2560 936620   5796 6437960    0    0     0     0 13707 14321  1  3 96  0  0
 0  0   2560 935696   5796 6437984    0    0     0     0 12836 13532  1  2 97  0  0
 0  0   2560 934960   5796 6437984    0    0     0     0 13682 14635  1  3 96  0  0
 1  0   2560 933680   5796 6437984    0    0     0     0 15559 16339  1  3 96  0  0
 1  0   2560 933176   5796 6437988    0    0     0     0 16402 17148  2  3 95  0  0
 0  0   2560 955176   5796 6438012    0    0     0   280 15454 15928  7  5 88  0  0
 1  0   2560 954756   5796 6438020    0    0     0     0 13649 14472  1  2 97  0  0
 0  0   2560 954760   5796 6438036    0    0     0     0 12194 12908  1  3 96  0  0
 1  0   2560 954696   5796 6438036    0    0     0     0 15310 15853  1  3 96  0  0
 0  0   2560 954852   5796 6438036    0    0     0     0 14155 15168  1  3 96  0  0
 0  0   2560 954440   5796 6438036    0    0     0     0 14493 14949  1  3 96  0  0
 0  0   2560 954144   5796 6438072    0    0     0     0 13664 14363  1  3 96  0  0
 1  0   2560 954008   5796 6438072    0    0     0     0 13376 14172  1  3 96  0  0
 2  0   2560 953784   5796 6438072    0    0     0     0 14303 15151  2  3 95  0  0
 0  0   2560 953724   5796 6438072    0    0     0     0 14720 15368  2  3 96  0  0
 0  0   2560 953408   5796 6438072    0    0     0     0 13307 13857  1  3 96  0  0
 1  0   2560 953568   5796 6438072    0    0     0     0 14996 15572  1  3 96  0  0
 1  0   2560 954584   5796 6438072    0    0     0    69 14513 14818  2  3 96  0  0
 1  0   2560 954488   5796 6438072    0    0     0   176 12906 13512  1  2 97  0  0
 1  0   2560 954768   5796 6438072    0    0     0     0 12217 12964  1  3 97  0  0
 0  0   2560 954612   5796 6438088    0    0     0     0 14267 15016  1  3 96  0  0
procs -----------memory---------- ---swap-- -----io---- -system-- ------cpu-----
 r  b   swpd   free   buff  cache   si   so    bi    bo   in   cs us sy id wa st
 0  0   2560 954164   5796 6438092    0    0     0     0 12993 13659  1  3 96  0  0
 0  0   2560 954208   5796 6438116    0    0     0     0 14331 15127  1  3 96  0  0
 1  0   2560 954172   5796 6438116    0    0     0   300 13654 14517  1  3 96  0  0
 1  0   2560 954300   5796 6438128    0    0     0     0 14096 14830  1  3 96  0  0
 0  0   2560 954108   5796 6438128    0    0     0     0 14759 15591  1  3 95  0  0
 0  0   2560 953828   5796 6438128    0    0     0     0 16078 16841  1  3 96  0  0
 0  0   2560 953744   5796 6438128    0    0     0     0 14955 15671  1  3 96  0  0
 0  0   2560 954056   5796 6438128    0    0     0     0 14951 15817  1  3 95  0  0
 1  0   2560 953836   5796 6438128    0    0     0     0 14240 15017  1  3 96  0  0
 0  0   2560 953792   5796 6438128    0    0     0     0 13995 14679  1  3 96  0  0
 0  0   2560 954128   5796 6438128    0    0     0     0 13839 14776  1  2 97  0  0
 1  0   2560 954588   5796 6438156    0    0     0     0 12214 12940  1  3 96  0  0
 1  0   2560 954688   5796 6438168    0    0     0     0 14271 15140  1  3 96  0  0
 0  0   2560 954716   5796 6438168    0    0     0     0 12459 13276  1  3 96  0  0
 0  0   2560 954524   5796 6438172    0    0     0     0 14419 15152  1  2 97  0  0
 0  0   2560 954456   5796 6438172    0    0     0     0 16672 17454  1  3 96  0  0
 0  0   2560 954044   5796 6438200    0    0     0     0 15664 16028  3  3 94  0  0
 0  0   2560 953848   5796 6438200    0    0     0     0 14859 15667  1  3 95  0  0
 0  0   2560 953836   5796 6438200    0    0     0     0 13794 14367  1  2 96  0  0
 0  0   2560 953932   5796 6438200    0    0     0     0 14083 14732  2  3 95  0  0
 0  0   2560 953552   5796 6438200    0    0     0     0 14179 14980  1  3 96  0  0
procs -----------memory---------- ---swap-- -----io---- -system-- ------cpu-----
 r  b   swpd   free   buff  cache   si   so    bi    bo   in   cs us sy id wa st
 0  0   2560 953780   5796 6438212    0    0     0     0 13933 14848  1  3 96  0  0
 0  0   2560 953748   5796 6438236    0    0     0     0 15161 16037  2  3 95  0  0
 1  0   2560 951736   5796 6438240    0    0     0     0 14681 15389  1  3 96  0  0
 0  0   2560 951788   5796 6438240    0    0     0     0 14777 15623  1  3 96  0  0
 0  0   2560 928808   5796 6438256    0    0     0     4 11009 11455  3  3 94  0  0
 1  0   2560 928620   5796 6438256    0    0     0   156 15021 15806  2  3 95  0  0
 1  0   2560 928628   5796 6438256    0    0     0   296 14664 15154  1  3 96  0  0
 0  0   2560 928900   5796 6438260    0    0     0     0 14447 15086  2  4 95  0  0
 1  0   2560 929264   5796 6438268    0    0     0     0 12932 13638  1  3 96  0  0
 0  0   2560 929040   5796 6438300    0    0     0     0 15050 15904  1  3 96  0  0
 1  0   2560 928984   5796 6438300    0    0     0     0 16713 17486  1  4 95  0  0
 0  0   2560 928828   5796 6438312    0    0     0     0 13681 14373  2  3 96  0  0
 0  0   2560 927332   5796 6438328    0    0     0     0 15811 16684  2  3 95  0  0
 0  0   2560 927152   5796 6438328    0    0     0     0 11658 12425  1  3 96  0  0
 1  0   2560 927324   5796 6438328    0    0     0     0 13154 13869  2  3 96  0  0
 1  0   2560 927520   5796 6438328    0    0     0     0 14473 15205  1  3 96  0  0
 0  0   2560 927592   5796 6438344    0    0     0     0 15127 15879  2  3 95  0  0
 1  0   2560 927936   5796 6438344    0    0     0   208 13514 14082  1  3 96  0  0
 0  0   2560 928012   5796 6438344    0    0     0     0 13031 13779  1  3 96  0  0
 1  0   2560 928228   5796 6438344    0    0     0     0 13398 14225  1  2 96  0  0
 1  0   2560 928316   5796 6438344    0    0     0     0 15529 16321  1  3 96  0  0
procs -----------memory---------- ---swap-- -----io---- -system-- ------cpu-----
 r  b   swpd   free   buff  cache   si   so    bi    bo   in   cs us sy id wa st
 1  0   2560 928120   5796 6438344    0    0     0     0 13677 14319  1  3 96  0  0
 2  0   2560 949316   5796 6438380    0    0     0   204 15083 15543  6  5 89  0  0
 0  0   2560 951816   5796 6438384    0    0     0    76 13810 14536  2  3 95  0  0
 0  0   2560 951824   5796 6438384    0    0     0     0 14141 15130  1  3 97  0  0
 0  0   2560 951728   5796 6438384    0    0     0     0 14539 15204  1  3 96  0  0
 0  0   2560 951380   5796 6438384    0    0     0     0 14690 15264  1  3 96  0  0
 1  0   2560 950800   5796 6438384    0    0     0     0 13131 13689  1  3 96  0  0
 0  0   2560 951288   5796 6438384    0    0     0     0 13002 13655  1  3 97  0  0
 0  0   2560 951260   5796 6438400    0    0     0     0 14283 14955  2  3 96  0  0
 0  0   2560 951256   5796 6438400    0    0     0     0 11719 12445  1  2 97  0  0
 0  0   2560 951636   5796 6438400    0    0     0     0 14722 15657  1  3 96  0  0
 0  0   2560 951420   5796 6438400    0    0     0     0 11188 11866  1  2 97  0  0
 0  0   2560 951512   5796 6438424    0    0     0   240 14015 14717  1  3 96  0  0
 0  0   2560 951856   5796 6438424    0    0     0     0 13138 13805  1  3 96  0  0
 2  0   2560 952048   5796 6438440    0    0     0    66 12659 13372  1  2 96  0  0
 0  0   2560 951828   5796 6438452    0    0     0     0 13310 14182  1  2 97  0  0
 0  0   2560 951828   5796 6438452    0    0     0     0 16055 16907  2  3 95  0  0
 0  0   2560 951508   5796 6438456    0    0     0     0 12825 13600  1  3 96  0  0
 0  0   2560 951856   5796 6438456    0    0     0     0 13479 14119  1  3 96  0  0
 0  0   2560 952012   5796 6438456    0    0     0     0 14496 15355  1  3 95  0  0
 1  0   2560 951860   5796 6438460    0    0     0     0 13782 14365  1  3 95  0  0
procs -----------memory---------- ---swap-- -----io---- -system-- ------cpu-----
 r  b   swpd   free   buff  cache   si   so    bi    bo   in   cs us sy id wa st
 0  0   2560 951916   5796 6438476    0    0     0     0 12787 13482  1  3 96  0  0
 0  0   2560 951924   5796 6438512    0    0     0   208 14003 14747  1  3 95  0  0
 0  0   2560 951668   5796 6438512    0    0     0     0 12750 13519  1  2 97  0  0
 0  0   2560 951892   5796 6438512    0    0     0     0 14409 15126  1  3 96  0  0
 0  0   2560 951968   5796 6438512    0    0     0     0 15538 16235  1  3 95  0  0
 1  0   2560 952128   5796 6438512    0    0     0     0 14904 15466  1  3 95  0  0
 1  0   2560 951812   5796 6438512    0    0     0     0 14479 15227  1  3 96  0  0
 0  0   2560 951276   5796 6438524    0    0     0     0 14326 15181  1  3 96  0  0
 0  0   2560 951176   5796 6438524    0    0     0     0 13396 14113  1  3 96  0  0
 0  0   2560 951408   5796 6438524    0    0     0     0 16180 16855  1  4 95  0  0
 0  0   2560 951484   5796 6438540    0    0     0     0 13626 14288  1  3 96  0  0
 0  0   2560 951792   5796 6438540    0    0     0     0 13278 13914  1  3 96  0  0
 1  0   2560 951860   5796 6438588    0    0     0     0 13799 14734  1  3 96  0  0
 0  0   2560 950864   5796 6438600    0    0     0     0 14517 14968  2  4 94  0  0
 0  0   2560 952172   5796 6438600    0    0     0     0 14123 14760  2  3 96  0  0
 0  0   2560 952052   5796 6438600    0    0     0     0 14032 14631  1  3 95  0  0
 1  0   2560 952072   5796 6438600    0    0     0     0 15833 16463  1  3 96  0  0
 0  0   2560 951628   5796 6438600    0    0     0     0 12747 13578  1  3 96  0  0
 0  0   2560 951096   5796 6438600    0    0     0     0 12774 13612  1  2 97  0  0
 0  0   2560 951568   5796 6438600    0    0     0     0 16540 17150  1  4 95  0  0
 0  0   2560 951564   5796 6438612    0    0     0     0 12923 13638  1  3 96  0  0
procs -----------memory---------- ---swap-- -----io---- -system-- ------cpu-----
 r  b   swpd   free   buff  cache   si   so    bi    bo   in   cs us sy id wa st
 0  0   2560 951776   5796 6438612    0    0     0     0 13453 14226  1  3 96  0  0
 0  0   2560 951432   5796 6438636    0    0     0     0 12942 13610  1  3 96  0  0
 0  0   2560 927904   5796 6438636    0    0     0    96 14485 15180  4  3 93  0  0
 0  0   2560 928228   5796 6438636    0    0     0     0 13565 14399  1  3 96  0  0
 0  0   2560 927892   5796 6438636    0    0     0     0 13950 14594  2  3 95  0  0
 0  0   2560 927908   5796 6438652    0    0     0     0 16184 16810  1  4 95  0  0
 0  0   2560 928216   5796 6438656    0    0     0     0 14846 15601  1  3 96  0  0
 0  0   2560 927576   5796 6438656    0    0     0     0 14275 14973  1  3 96  0  0
 0  0   2560 927680   5796 6438656    0    0     0     0 13610 14388  1  3 96  0  0
 0  0   2560 927648   5796 6438656    0    0     0     0 14199 14929  1  3 96  0  0
 0  0   2560 927516   5796 6438656    0    0     0     0 12021 12597  1  3 96  0  0
 0  0   2560 926664   5796 6438656    0    0     0   252 12903 13731  2  3 95  0  0
 0  0   2560 926504   5796 6438692    0    0     0     0 16819 17582  2  4 94  0  0
 0  0   2560 926724   5796 6438708    0    0     0     0 9831 10395  1  3 96  0  0
 0  0   2560 927020   5796 6438708    0    0     0     0 9302 9750  1  2 97  0  0
 0  0   2560 927056   5796 6438708    0    0     0     0 8749 9304  1  2 97  0  0
 0  0   2560 927568   5796 6438708    0    0     0     0 12285 13083  1  2 97  0  0
 1  0   2560 927604   5796 6438712    0    0     0     0 10667 11339  1  2 97  0  0
 1  0   2560 927348   5796 6438724    0    0     0     0 12950 13489  1  3 96  0  0
 0  0   2560 927228   5796 6438728    0    0     0     0 10114 10626  1  2 97  0  0
 0  0   2560 949844   5796 6438732    0    0     0   284 13061 13483  7  4 89  0  0
procs -----------memory---------- ---swap-- -----io---- -system-- ------cpu-----
 r  b   swpd   free   buff  cache   si   so    bi    bo   in   cs us sy id wa st
 0  0   2560 949724   5796 6438716    0    0     0     0 9735 10343  1  2 97  0  0
 0  0   2560 949580   5796 6438752    0    0     0    16 14888 15520  1  3 96  0  0
 0  0   2560 949800   5796 6438756    0    0     0     0 15448 16014  1  3 95  0  0
 0  0   2560 949944   5796 6438756    0    0     0     0 14304 15067  1  3 96  0  0
 1  0   2560 950180   5796 6438756    0    0     0     0 14654 15336  1  3 95  0  0
 1  0   2560 950020   5796 6438768    0    0     0     0 11856 12685  1  2 97  0  0
 0  0   2560 949932   5796 6438768    0    0     0    28 14530 15357  1  3 96  0  0
 1  0   2560 949900   5796 6438768    0    0     0     0 13499 14172  1  3 96  0  0
 0  0   2560 949824   5796 6438772    0    0     0     0 13966 14824  1  3 96  0  0
 0  0   2560 949816   5796 6438792    0    0     0    48 13341 14068  1  4 95  0  0
 1  0   2560 950164   5796 6438800    0    0     0     0 12514 13278  1  3 96  0  0
 0  0   2560 949996   5796 6438800    0    0     0   245 15671 16495  1  3 96  0  0
 1  0   2560 950144   5796 6438836    0    0     0     0 13511 14244  1  3 96  0  0
 0  0   2560 950052   5796 6438836    0    0     0     0 14098 14900  1  3 96  0  0
 0  0   2560 950044   5796 6438836    0    0     0     0 14152 14950  1  3 96  0  0
 0  0   2560 949980   5796 6438844    0    0     0     0 13899 14893  1  3 96  0  0
 0  0   2560 949992   5796 6438856    0    0     0     0 15895 16541  1  4 95  0  0
 0  0   2560 950140   5796 6438856    0    0     0     0 13672 14466  1  3 96  0  0
 0  0   2560 950340   5796 6438868    0    0     0     0 14452 15176  1  3 96  0  0
 4  0   2560 950000   5796 6438868    0    0     0     0 13898 14611  1  3 96  0  0
 0  0   2560 950480   5796 6438868    0    0     0     0 15538 16340  1  3 96  0  0
procs -----------memory---------- ---swap-- -----io---- -system-- ------cpu-----
 r  b   swpd   free   buff  cache   si   so    bi    bo   in   cs us sy id wa st
 1  0   2560 950168   5796 6438872    0    0     0   316 13626 14571  1  3 96  0  0
 0  0   2560 950068   5796 6438884    0    0     0     0 12469 12942  1  3 96  0  0
 0  0   2560 950044   5796 6438908    0    0     0     0 14378 14959  2  4 95  0  0
 0  0   2560 950000   5796 6438908    0    0     0     0 13400 14136  1  3 95  0  0
 0  0   2560 950260   5796 6438908    0    0     0     0 15139 15708  1  3 95  0  0
 1  0   2560 950484   5796 6438908    0    0     0     0 13705 14344  2  3 95  0  0
 0  0   2560 950360   5796 6438908    0    0     0     0 14159 14818  1  3 96  0  0
 1  0   2560 950240   5796 6438908    0    0     0     0 13843 14510  1  3 95  0  0
 0  0   2560 950104   5796 6438908    0    0     0     0 14425 15207  1  3 97  0  0
 0  0   2560 950372   5796 6438908    0    0     0     0 11701 12514  1  2 97  0  0
 0  0   2560 950004   5796 6438920    0    0     0    36 13355 13845  2  3 95  0  0
 0  0   2560 949456   5796 6438924    0    0     0     0 15892 16326  2  4 94  0  0
 1  0   2560 949552   5796 6438964    0    0     0     0 12960 13509  2  3 95  0  0
 0  0   2560 949916   5796 6438968    0    0     0     0 14937 15821  1  3 95  0  0
 0  0   2560 949660   5796 6438980    0    0     0     0 14836 15394  1  3 96  0  0
 0  0   2560 949668   5796 6438980    0    0     0     0 13249 14145  1  3 96  0  0
 0  0   2560 949360   5796 6438980    0    0     0     0 12501 13367  1  3 96  0  0
 1  0   2560 949428   5796 6438984    0    0     0     0 14263 15032  1  3 96  0  0
 0  0   2560 949396   5796 6438984    0    0     0     0 13481 14311  1  2 96  0  0
 0  0   2560 926236   5796 6438984    0    0     0     4 10904 11440  3  3 94  0  0
 0  0   2560 926644   5796 6438984    0    0     0     0 16727 17621  1  4 95  0  0
procs -----------memory---------- ---swap-- -----io---- -system-- ------cpu-----
 r  b   swpd   free   buff  cache   si   so    bi    bo   in   cs us sy id wa st
 0  0   2560 926496   5796 6438984    0    0     0   156 13047 13797  1  3 96  0  0
 1  0   2560 926556   5796 6439000    0    0     0     0 14460 14993  1  3 96  0  0
 0  0   2560 926436   5796 6439024    0    0     0     0 12438 12978  1  3 96  0  0
 0  0   2560 926752   5796 6439036    0    0     0     0 12789 13656  1  2 97  0  0
 0  0   2560 926740   5796 6439040    0    0     0     0 14767 15471  1  3 96  0  0
 0  0   2560 926716   5796 6439040    0    0     0     0 13847 14557  1  3 95  0  0
 1  0   2560 926880   5796 6439060    0    0     0     0 14531 15472  2  3 95  0  0
 1  0   2560 927264   5796 6439060    0    0     0     0 12899 13617  1  3 96  0  0
 0  0   2560 927296   5796 6439060    0    0     0     0 13928 14871  1  3 96  0  0
 0  0   2560 927108   5796 6439060    0    0     0     0 14552 15389  1  4 95  0  0
 1  0   2560 927156   5796 6439060    0    0     0   172 14837 15667  1  3 96  0  0
 0  0   2560 927040   5796 6439060    0    0     0     0 15007 15658  1  3 96  0  0
 1  0   2560 926820   5796 6439084    0    0     0     0 13877 14644  1  3 96  0  0
 0  0   2560 926596   5796 6439084    0    0     0     0 14162 15071  1  3 96  0  0
 0  0   2560 926604   5796 6439088    0    0     0     0 13550 14382  1  2 97  0  0
 1  0   2560 926376   5796 6439096    0    0     0   136 13559 14299  1  4 95  0  0
 0  0   2560 948968   5796 6439104    0    0     0   314 14123 14396  7  5 88  0  0
 0  0   2560 949436   5796 6439104    0    0     0     0 14540 15304  1  3 96  0  0
 0  0   2560 949656   5796 6439116    0    0     0     0 15299 16145  1  3 96  0  0
 0  0   2560 949084   5796 6439144    0    0     0     0 15583 16386  1  3 96  0  0
 0  0   2560 950060   5796 6439144    0    0     0    32 14936 15668  1  4 95  0  0
procs -----------memory---------- ---swap-- -----io---- -system-- ------cpu-----
 r  b   swpd   free   buff  cache   si   so    bi    bo   in   cs us sy id wa st
 0  0   2560 950036   5796 6439144    0    0     0     0 18564 18903  2  4 94  0  0
 0  0   2560 950152   5796 6439144    0    0     0     0 14448 15155  1  3 96  0  0
 0  0   2560 949928   5796 6439168    0    0     0     0 14827 15621  1  3 96  0  0
 1  0   2560 949876   5796 6439168    0    0     0     0 14486 15172  1  3 96  0  0
 0  0   2560 949964   5796 6439168    0    0     0   260 16326 17008  2  4 95  0  0
 0  0   2560 949896   5796 6439168    0    0     0     0 14093 14799  1  3 96  0  0
 1  0   2560 950276   5796 6439168    0    0     0     0 13472 14249  1  3 97  0  0
 0  0   2560 950340   5796 6439168    0    0     0     0 13374 14282  1  3 96  0  0
 0  0   2560 950668   5796 6439180    0    0     0     0 14067 14950  1  3 96  0  0
 0  0   2560 950412   5796 6439184    0    0     0   188 15408 16130  1  3 96  0  0
 0  0   2560 950456   5796 6439196    0    0     0     0 13635 14382  1  3 96  0  0
 0  0   2560 950264   5796 6439216    0    0     0     0 12615 13293  1  3 96  0  0
 0  0   2560 950392   5796 6439240    0    0     0     0 13689 14591  1  3 96  0  0
 2  0   2560 950744   5796 6439240    0    0     0     0 14501 15156  1  3 96  0  0
 1  0   2560 950480   5796 6439240    0    0     0     0 15135 16019  1  3 96  0  0
 1  0   2560 951056   5796 6439244    0    0     0     0 14648 15428  2  3 95  0  0
 0  0   2560 950804   5796 6439244    0    0     0     0 15314 16080  2  3 95  0  0
 0  0   2560 950920   5796 6439244    0    0     0     0 13163 13941  1  3 96  0  0
 0  0   2560 950696   5796 6439244    0    0     0     0 13592 14327  1  3 97  0  0
 0  0   2560 950728   5796 6439244    0    0     0     0 14999 15726  1  4 95  0  0
 0  0   2560 950372   5796 6439244    0    0     0     0 14191 14980  1  3 96  0  0
procs -----------memory---------- ---swap-- -----io---- -system-- ------cpu-----
 r  b   swpd   free   buff  cache   si   so    bi    bo   in   cs us sy id wa st
 0  0   2560 950188   5796 6439244    0    0     0     0 11791 12484  1  3 96  0  0
 0  0   2560 950496   5796 6439268    0    0     0     0 14819 15565  1  3 96  0  0
 0  0   2560 950396   5796 6439296    0    0     0     0 14416 14991  1  3 96  0  0
 0  0   2560 950576   5796 6439308    0    0     0     0 14675 15448  1  3 95  0  0
 0  0   2560 950580   5796 6439312    0    0     0     0 12334 13178  1  3 96  0  0
 0  0   2560 950380   5796 6439312    0    0     0     0 13982 14840  1  3 96  0  0
 0  0   2560 950288   5796 6439312    0    0     0     0 14526 15328  1  3 96  0  0
 0  0   2560 950512   5796 6439316    0    0     0     0 15969 16562  2  4 94  0  0
 1  0   2560 950892   5796 6439316    0    0     0     0 13938 14587  2  4 94  0  0
 0  0   2560 950656   5796 6439316    0    0     0     0 15081 15999  1  3 96  0  0
 1  0   2560 950576   5796 6439316    0    0     0     0 13599 14231  1  3 96  0  0
