procs -----------memory---------- ---swap-- -----io---- -system-- ------cpu-----
 r  b   swpd   free   buff  cache   si   so    bi    bo   in   cs us sy id wa st
11  0      0 2596724   7420 4858288    0    0     0     1    0    1  0  0 100  0  0
 0  0      0 2587048   7420 4858328    0    0     0    37 36067 35204  4  7 89  0  0
 1  0      0 2583820   7420 4858328    0    0     0     0 32232 35144  2  5 93  0  0
 0  0      0 2581020   7420 4858328    0    0     0     0 31794 33084  2  6 92  0  0
 0  0      0 2578492   7420 4858328    0    0     0     0 33318 35523  3  5 92  0  0
 0  0      0 2577880   7420 4858328    0    0     0     0 28427 30429  2  5 93  0  0
 0  0      0 2577204   7420 4858328    0    0     0     0 33827 34224  2  6 92  0  0
 0  0      0 2576728   7420 4858328    0    0     0     0 32447 35040  3  6 92  0  0
 1  0      0 2576788   7420 4858328    0    0     0     0 33340 36435  2  5 92  0  0
 0  0      0 2576516   7420 4858328    0    0     0     0 34399 36824  3  6 92  0  0
 0  0      0 2576696   7420 4858328    0    0     0     0 28950 30874  2  6 92  0  0
 0  0      0 2575620   7420 4858336    0    0     0     0 34568 35700  3  7 91  0  0
 0  0      0 2575644   7420 4858336    0    0     0     0 33622 36691  3  6 92  0  0
 0  0      0 2576116   7420 4858336    0    0     0     0 35464 38547  3  6 92  0  0
 1  0      0 2575892   7420 4858344    0    0     0     0 36635 39990  2  6 92  0  0
 1  0      0 2573596   7420 4858348    0    0     0    36 30413 33506  2  5 92  0  0
 0  0      0 2573368   7420 4858348    0    0     0     0 35005 37772  3  6 91  0  0
 0  0      0 2573072   7420 4858348    0    0     0     0 35074 37642  3  6 92  0  0
 0  0      0 2573688   7420 4858348    0    0     0     0 34476 37701  3  6 91  0  0
 0  0      0 2573364   7420 4858348    0    0     0     0 35023 37437  3  6 91  0  0
 0  0      0 2572712   7420 4858348    0    0     0     4 30726 33681  2  5 93  0  0
procs -----------memory---------- ---swap-- -----io---- -system-- ------cpu-----
 r  b   swpd   free   buff  cache   si   so    bi    bo   in   cs us sy id wa st
 1  0      0 2573048   7420 4858352    0    0     0     0 35116 36809  2  6 92  0  0
 0  0      0 2573696   7420 4858352    0    0     0     0 34637 37937  2  5 92  0  0
 2  0      0 2573608   7420 4858352    0    0     0     0 33604 36115  3  7 91  0  0
 3  0      0 2548724   7420 4858352    0    0     0     4 33177 35521  5  7 88  0  0
 0  0      0 2548516   7420 4858352    0    0     0     0 30494 32828  3  6 92  0  0
 1  0      0 2548924   7420 4858352    0    0     0     0 35411 36145  3  7 91  0  0
 1  0      0 2548728   7420 4858360    0    0     0     0 31240 34007  3  6 92  0  0
 0  0      0 2548864   7420 4858360    0    0     0     0 34596 37026  2  6 91  0  0
 0  0      0 2548064   7420 4858364    0    0     0     0 36655 39527  3  7 91  0  0
 1  0      0 2548764   7420 4858364    0    0     0     0 33416 36616  2  6 92  0  0
 0  0      0 2548764   7420 4858364    0    0     0   117 31287 33079  2  6 92  0  0
 0  0      0 2548220   7420 4858368    0    0     0     2 34874 37280  2  6 92  0  0
 1  0      0 2548440   7420 4858368    0    0     0     0 34047 37131  3  6 92  0  0
 0  0      0 2547736   7420 4858368    0    0     0     0 35424 38672  2  5 93  0  0
 0  0      0 2547624   7420 4858368    0    0     0     0 30484 33402  2  5 94  0  0
 1  0      0 2547724   7420 4858368    0    0     0    84 33644 36280  2  5 93  0  0
 0  0      0 2548096   7420 4858368    0    0     0     0 36125 38962  2  6 92  0  0
 1  0      0 2548244   7420 4858368    0    0     0     0 35624 39188  2  6 92  0  0
 0  0      0 2548644   7420 4858368    0    0     0     0 35908 38255  3  5 92  0  0
 0  0      0 2548312   7420 4858384    0    0     0     0 34969 38233  2  6 92  0  0
 2  0      0 2548404   7420 4858384    0    0     0     0 33380 35256  3  6 92  0  0
procs -----------memory---------- ---swap-- -----io---- -system-- ------cpu-----
 r  b   swpd   free   buff  cache   si   so    bi    bo   in   cs us sy id wa st
 1  0      0 2572624   7420 4858380    0    0     0   264 33867 36963  8  8 84  0  0
 0  0      0 2572612   7420 4858396    0    0     0     0 37285 40300  3  6 91  0  0
 1  0      0 2573196   7420 4858396    0    0     0     0 37230 40454  3  6 91  0  0
 2  0      0 2572716   7420 4858396    0    0     0     0 32026 34947  2  5 92  0  0
 0  0      0 2572280   7420 4858396    0    0     0   116 36544 38357  3  6 91  0  0
 0  0      0 2572508   7420 4858396    0    0     0     0 35792 38412  3  6 92  0  0
 0  0      0 2572688   7420 4858396    0    0     0     0 37036 40764  2  5 92  0  0
 1  0      0 2572200   7420 4858396    0    0     0     0 34839 38144  2  6 92  0  0
 0  0      0 2571760   7420 4858396    0    0     0     0 32569 35343  2  6 92  0  0
 1  0      0 2571780   7420 4858404    0    0     0     0 36256 38573  2  6 92  0  0
 2  0      0 2572512   7420 4858404    0    0     0     0 36510 39755  3  6 91  0  0
 0  0      0 2572900   7420 4858412    0    0     0     0 33623 36712  2  6 92  0  0
 0  0      0 2572876   7420 4858416    0    0     0     0 32954 36226  2  6 92  0  0
 0  0      0 2572504   7420 4858416    0    0     0     0 31180 33514  2  5 93  0  0
 0  0      0 2571960   7420 4858416    0    0     0     0 35308 37199  3  6 91  0  0
 0  0      0 2572336   7420 4858416    0    0     0     0 34512 37899  2  6 91  0  0
 1  0      0 2571852   7420 4858420    0    0     0     0 35890 39006  3  6 92  0  0
 0  0      0 2572344   7420 4858420    0    0     0     0 35514 39082  3  6 91  0  0
 0  0      0 2572520   7420 4858420    0    0     0     0 29844 33139  3  5 92  0  0
 0  0      0 2571568   7420 4858420    0    0     0     0 32741 33933  3  6 91  0  0
 1  0      0 2572692   7420 4858420    0    0     0    38 33630 35917  2  6 92  0  0
procs -----------memory---------- ---swap-- -----io---- -system-- ------cpu-----
 r  b   swpd   free   buff  cache   si   so    bi    bo   in   cs us sy id wa st
 1  0      0 2572680   7420 4858420    0    0     0     0 34818 37446  3  6 91  0  0
 1  0      0 2572660   7420 4858424    0    0     0     0 34296 37161  3  6 91  0  0
 0  0      0 2572612   7420 4858432    0    0     0     0 28543 30350  2  5 92  0  0
 1  0      0 2572244   7420 4858432    0    0     0     0 36281 36554  3  6 91  0  0
 0  0      0 2571892   7420 4858432    0    0     0     0 33807 36903  3  6 92  0  0
 0  0      0 2572336   7420 4858432    0    0     0     0 32507 34806  3  6 91  0  0
 0  0      0 2571848   7420 4858432    0    0     0     0 30980 32742  2  6 92  0  0
 0  0      0 2572144   7420 4858432    0    0     0     0 29547 31503  3  5 92  0  0
 0  0      0 2572332   7420 4858432    0    0     0     0 31424 32325  3  6 91  0  0
 0  0      0 2572148   7420 4858432    0    0     0     0 32907 34839  3  6 91  0  0
 0  0      0 2572356   7420 4858432    0    0     0     0 35079 36845  3  7 91  0  0
 0  0      0 2571836   7420 4858432    0    0     0     0 34684 37930  3  6 91  0  0
 0  0      0 2571716   7420 4858440    0    0     0     0 31078 34257  2  6 92  0  0
 2  0      0 2571344   7420 4858440    0    0     0     0 34244 35106  3  6 91  0  0
 0  0      0 2571680   7420 4858440    0    0     0    68 34652 37702  3  6 91  0  0
 0  0      0 2571972   7420 4858448    0    0     0     0 33251 35875  3  6 92  0  0
 0  0      0 2572556   7420 4858448    0    0     0     0 33265 35948  3  6 91  0  0
 0  0      0 2572184   7420 4858452    0    0     0     0 29855 32422  2  5 93  0  0
 2  0      0 2572252   7420 4858456    0    0     0     0 31965 33197  2  6 92  0  0
 0  0      0 2571976   7420 4858456    0    0     0    20 33464 36007  2  6 92  0  0
 1  0      0 2547796   7420 4858456    0    0     0     4 34038 36885  5  6 89  0  0
procs -----------memory---------- ---swap-- -----io---- -system-- ------cpu-----
 r  b   swpd   free   buff  cache   si   so    bi    bo   in   cs us sy id wa st
 0  0      0 2547764   7420 4858456    0    0     0     0 34977 38233  2  6 91  0  0
 0  0      0 2548128   7420 4858456    0    0     0     0 34677 37484  3  6 91  0  0
 0  0      0 2547920   7420 4858460    0    0     0     0 29836 31857  2  5 93  0  0
 0  0      0 2548084   7420 4858464    0    0     0     0 34168 35399  3  6 91  0  0
 0  0      0 2548256   7420 4858464    0    0     0     0 35293 37812  2  6 92  0  0
 1  0      0 2548420   7420 4858472    0    0     0     0 35021 38332  3  6 91  0  0
 0  0      0 2548128   7420 4858476    0    0     0     0 34070 36020  2  6 92  0  0
 0  0      0 2547828   7420 4858488    0    0     0     0 30497 32643  2  6 92  0  0
 1  0      0 2547492   7420 4858488    0    0     0    80 31855 33599  3  6 91  0  0
 2  0      0 2547760   7420 4858488    0    0     0     0 31475 33464  2  6 92  0  0
 0  0      0 2547332   7420 4858488    0    0     0     0 36179 38483  3  6 91  0  0
 0  0      0 2546716   7420 4858492    0    0     0     0 35360 38848  2  6 92  0  0
 0  0      0 2546924   7420 4858492    0    0     0     0 28796 30824  2  5 93  0  0
 0  0      0 2547260   7420 4858492    0    0     0     0 33967 35490  3  7 91  0  0
 0  0      0 2547524   7420 4858492    0    0     0     0 34899 36935  2  6 92  0  0
 0  0      0 2547400   7420 4858492    0    0     0     0 35037 37720  3  5 92  0  0
 0  0      0 2547336   7420 4858492    0    0     0     0 34911 38343  3  6 91  0  0
 1  0      0 2567504   7420 4858492    0    0     0    48 29105 31695  4  6 91  0  0
 0  0      0 2571840   7420 4858496    0    0     0   220 32724 34505  6  7 87  0  0
 1  0      0 2571988   7420 4858500    0    0     0     0 32644 34687  3  5 92  0  0
 1  0      0 2572484   7420 4858500    0    0     0     0 34734 36599  2  6 92  0  0
procs -----------memory---------- ---swap-- -----io---- -system-- ------cpu-----
 r  b   swpd   free   buff  cache   si   so    bi    bo   in   cs us sy id wa st
 0  0      0 2572300   7420 4858508    0    0     0     0 35158 38301  3  6 92  0  0
 0  0      0 2572564   7420 4858508    0    0     0     0 29338 32209  2  5 93  0  0
 0  0      0 2572504   7420 4858512    0    0     0     0 34888 35968  2  6 92  0  0
 1  0      0 2572272   7420 4858512    0    0     0   156 32746 34965  3  6 91  0  0
 0  0      0 2572192   7420 4858512    0    0     0     0 33568 35684  3  6 92  0  0
 0  0      0 2572396   7420 4858512    0    0     0     0 36190 39070  3  6 91  0  0
 0  0      0 2572568   7420 4858512    0    0     0     0 33086 36568  2  6 93  0  0
 0  0      0 2572788   7420 4858512    0    0     0     0 31818 32971  2  5 93  0  0
 0  0      0 2572836   7420 4858512    0    0     0     0 29035 30749  2  5 92  0  0
 1  0      0 2572608   7420 4858512    0    0     0     0 31161 32895  2  5 93  0  0
 0  0      0 2572680   7420 4858512    0    0     0     0 34335 37243  2  5 93  0  0
 1  0      0 2572224   7420 4858520    0    0     0     0 31644 34055  2  6 92  0  0
 2  0      0 2572192   7420 4858524    0    0     0     0 26657 29036  2  4 94  0  0
 0  0      0 2571184   7420 4858524    0    0     0     0 30913 31979  2  5 93  0  0
 2  0      0 2571588   7420 4858528    0    0     0     0 33817 35493  3  6 91  0  0
 0  0      0 2571232   7420 4858528    0    0     0     0 34165 35999  2  6 92  0  0
 1  0      0 2571436   7420 4858536    0    0     0     0 32013 34747  3  6 92  0  0
 0  0      0 2571472   7420 4858536    0    0     0    80 31903 34823  3  6 91  0  0
 0  0      0 2571376   7420 4858536    0    0     0     0 28467 29822  2  5 93  0  0
 1  0      0 2571436   7420 4858536    0    0     0     0 35326 37505  3  6 91  0  0
 0  0      0 2571016   7420 4858536    0    0     0     0 33285 35932  2  6 92  0  0
procs -----------memory---------- ---swap-- -----io---- -system-- ------cpu-----
 r  b   swpd   free   buff  cache   si   so    bi    bo   in   cs us sy id wa st
 1  0      0 2571664   7420 4858536    0    0     0     0 35208 38197  3  6 91  0  0
 0  0      0 2571868   7420 4858536    0    0     0     0 31332 33800  3  6 91  0  0
 0  0      0 2571512   7420 4858540    0    0     0     0 30567 33016  2  6 92  0  0
 0  0      0 2571412   7420 4858544    0    0     0     0 32213 33470  2  6 92  0  0
 0  0      0 2571872   7420 4858548    0    0     0     0 35431 37421  3  6 92  0  0
 0  0      0 2571872   7420 4858556    0    0     0     0 34680 38143  3  7 91  0  0
 1  0      0 2571420   7420 4858560    0    0     0     0 33080 35714  3  6 91  0  0
 0  0      0 2571148   7420 4858564    0    0     0     0 30979 33209  2  5 93  0  0
 0  0      0 2571284   7420 4858564    0    0     0     0 31635 33517  2  6 92  0  0
 1  0      0 2571536   7420 4858568    0    0     0     0 34097 36297  3  6 91  0  0
 1  0      0 2571704   7420 4858568    0    0     0     0 31086 33070  2  5 92  0  0
 1  0      0 2571668   7420 4858572    0    0     0     0 32046 34605  2  5 93  0  0
 0  0      0 2571680   7420 4858572    0    0     0     0 32985 35804  2  6 92  0  0
 1  0      0 2571668   7420 4858572    0    0     0    88 28976 31582  2  5 93  0  0
 0  0      0 2572036   7420 4858572    0    0     0     0 35913 37616  3  6 91  0  0
 0  0      0 2572424   7420 4858572    0    0     0     0 34516 37586  3  6 91  0  0
 0  0      0 2572504   7420 4858580    0    0     0     0 35198 38290  3  6 92  0  0
 1  0      0 2572224   7420 4858580    0    0     0     0 29758 31808  2  6 92  0  0
 1  0      0 2547048   7420 4858580    0    0     0    20 25817 27189  4  5 91  0  0
 1  0      0 2547440   7420 4858580    0    0     0     0 33326 33929  3  7 91  0  0
 1  0      0 2547052   7420 4858580    0    0     0     0 32593 34480  2  6 91  0  0
procs -----------memory---------- ---swap-- -----io---- -system-- ------cpu-----
 r  b   swpd   free   buff  cache   si   so    bi    bo   in   cs us sy id wa st
 0  0      0 2547116   7420 4858580    0    0     0     0 33428 35888  3  7 91  0  0
 0  0      0 2546976   7420 4858584    0    0     0     0 32920 35689  3  6 91  0  0
 0  0      0 2547024   7420 4858584    0    0     0     0 32323 34721  2  6 92  0  0
 1  0      0 2547236   7420 4858588    0    0     0     0 25058 26644  2  4 94  0  0
 0  0      0 2546640   7420 4858588    0    0     0     0 30995 31263  2  6 92  0  0
 2  0      0 2547020   7420 4858588    0    0     0    91 31865 33084  3  6 91  0  0
 0  0      0 2547212   7420 4858588    0    0     0     0 30355 31914  3  5 92  0  0
 3  0      0 2546860   7420 4858592    0    0     0     4 33016 35004  2  6 92  0  0
 0  0      0 2546644   7420 4858596    0    0     0     0 30684 32947  2  5 92  0  0
 0  0      0 2547060   7420 4858596    0    0     0     0 29701 30507  2  6 92  0  0
 0  0      0 2547880   7420 4858596    0    0     0     0 33124 34793  3  6 91  0  0
 1  0      0 2548032   7420 4858596    0    0     0     0 31366 33364  2  6 92  0  0
 1  0      0 2547648   7420 4858596    0    0     0     0 30513 32279  3  5 92  0  0
 0  0      0 2547592   7420 4858600    0    0     0     0 32986 35349  2  6 92  0  0
 0  0      0 2547524   7420 4858600    0    0     0     0 27564 29297  2  6 92  0  0
 0  0      0 2571256   7420 4858604    0    0     0   268 33721 34562  8  8 84  0  0
 3  0      0 2571372   7420 4858608    0    0     0     0 31232 32744  2  6 92  0  0
 0  0      0 2571232   7420 4858608    0    0     0     0 30561 32259  3  5 92  0  0
 0  0      0 2571260   7420 4858612    0    0     0     0 32748 35029  3  5 92  0  0
 1  0      0 2571216   7420 4858612    0    0     0     0 30594 32916  2  5 93  0  0
 0  0      0 2571472   7420 4858612    0    0     0     0 29915 32157  2  5 93  0  0
procs -----------memory---------- ---swap-- -----io---- -system-- ------cpu-----
 r  b   swpd   free   buff  cache   si   so    bi    bo   in   cs us sy id wa st
 0  0      0 2571484   7420 4858620    0    0     0     0 32506 34642  2  6 92  0  0
 1  0      0 2571748   7420 4858624    0    0     0     0 33160 35709  2  6 92  0  0
 0  0      0 2571732   7420 4858624    0    0     0    84 34493 37369  3  5 92  0  0
 0  0      0 2571732   7420 4858632    0    0     0     0 34039 36709  3  6 92  0  0
 0  0      0 2571644   7420 4858632    0    0     0     0 26776 28882  2  4 94  0  0
 0  0      0 2571700   7420 4858632    0    0     0     0 32850 33744  3  6 92  0  0
 0  0      0 2571472   7420 4858632    0    0     0     0 32855 34181  3  6 92  0  0
 0  0      0 2571204   7420 4858632    0    0     0     8 33924 35661  3  6 91  0  0
 0  0      0 2571156   7420 4858636    0    0     0     0 29842 31995  3  5 92  0  0
 0  0      0 2571724   7420 4858636    0    0     0     0 31503 32890  2  6 91  0  0
 0  0      0 2571412   7420 4858636    0    0     0     0 28844 30331  2  5 92  0  0
 1  0      0 2571712   7420 4858640    0    0     0     0 34617 36532  3  6 92  0  0
 0  0      0 2571896   7420 4858652    0    0     0     0 33371 36426  2  5 93  0  0
 1  0      0 2571700   7420 4858656    0    0     0     0 30680 33056  2  5 92  0  0
 0  0      0 2570812   7420 4858656    0    0     0    42 31503 33278  3  6 91  0  0
 1  0      0 2571980   7420 4858656    0    0     0     1 24565 26257  2  5 94  0  0
 0  0      0 2571684   7420 4858656    0    0     0     0 29697 31131  2  5 93  0  0
 0  0      0 2571572   7420 4858656    0    0     0    16 34607 35831  3  6 92  0  0
 0  0      0 2571660   7420 4858656    0    0     0     0 33032 35577  2  6 92  0  0
 0  0      0 2571280   7420 4858656    0    0     0     0 33225 34887  3  6 91  0  0
 1  0      0 2572156   7420 4858656    0    0     0     0 33222 35643  3  6 92  0  0
procs -----------memory---------- ---swap-- -----io---- -system-- ------cpu-----
 r  b   swpd   free   buff  cache   si   so    bi    bo   in   cs us sy id wa st
 2  0      0 2571668   7420 4858656    0    0     0     0 30329 32148  3  5 92  0  0
 0  0      0 2571476   7420 4858656    0    0     0     0 34877 37531  2  6 92  0  0
 2  0      0 2571784   7420 4858660    0    0     0     0 33543 36390  3  6 92  0  0
 1  0      0 2571796   7420 4858660    0    0     0     0 34586 37444  2  6 92  0  0
 1  0      0 2571636   7420 4858664    0    0     0     0 36061 39143  3  6 91  0  0
 0  0      0 2571620   7420 4858668    0    0     0     0 28771 31898  2  5 93  0  0
 0  0      0 2572168   7420 4858668    0    0     0    36 33355 36118  2  6 92  0  0
 1  0      0 2571448   7420 4858672    0    0     0     0 35946 38938  3  5 92  0  0
 0  0      0 2571500   7420 4858672    0    0     0     0 34420 38006  2  6 92  0  0
 1  0      0 2571356   7420 4858672    0    0     0     0 33365 36232  3  5 92  0  0
 2  0      0 2571140   7420 4858672    0    0     0     0 31494 33929  3  6 92  0  0
 0  0      0 2571624   7420 4858672    0    0     0    40 29819 31458  2  5 93  0  0
 0  0      0 2571396   7420 4858680    0    0     0     0 35689 37959  2  6 92  0  0
 1  0      0 2571440   7420 4858680    0    0     0     0 37014 39815  3  6 92  0  0
 0  0      0 2547696   7420 4858684    0    0     0     4 34877 38507  5  7 88  0  0
 0  0      0 2547524   7420 4858684    0    0     0     0 32111 35229  2  6 93  0  0
 1  0      0 2547220   7420 4858684    0    0     0     0 28887 30718  2  5 93  0  0
 2  0      0 2547044   7420 4858684    0    0     0    40 34901 36841  3  6 92  0  0
 0  0      0 2547384   7420 4858688    0    0     0     0 33227 35304  3  6 92  0  0
 0  0      0 2547276   7420 4858692    0    0     0     0 34688 37517  3  6 91  0  0
 0  0      0 2547748   7420 4858692    0    0     0     0 35326 38545  3  6 91  0  0
procs -----------memory---------- ---swap-- -----io---- -system-- ------cpu-----
 r  b   swpd   free   buff  cache   si   so    bi    bo   in   cs us sy id wa st
 0  0      0 2548044   7420 4858692    0    0     0     0 30743 33711  2  5 93  0  0
 0  0      0 2548464   7420 4858708    0    0     0    80 34413 36162  3  6 92  0  0
 1  0      0 2548596   7420 4858708    0    0     0     0 35448 37652  2  7 91  0  0
 0  0      0 2547128   7420 4858708    0    0     0    75 34301 37454  3  6 92  0  0
 0  0      0 2547164   7420 4858708    0    0     0     0 36019 39749  3  6 91  0  0
 0  0      0 2547184   7420 4858708    0    0     0     0 31406 34414  2  5 93  0  0
 0  0      0 2548116   7420 4858708    0    0     0     0 35990 38627  3  6 91  0  0
 0  0      0 2547716   7420 4858708    0    0     0     0 37444 40746  2  6 92  0  0
 1  0      0 2547652   7420 4858712    0    0     0     0 36650 40247  3  6 92  0  0
 1  0      0 2547476   7420 4858716    0    0     0     0 35975 39408  3  6 91  0  0
 0  0      0 2547592   7420 4858720    0    0     0     0 32108 35275  2  5 93  0  0
 1  0      0 2568432   7420 4858716    0    0     0   156 33018 34870  6  7 87  0  0
 1  0      0 2572076   7420 4858716    0    0     0   108 34022 35910  5  6 89  0  0
 1  0      0 2571744   7420 4858724    0    0     0     0 36167 39198  3  6 91  0  0
 0  0      0 2571744   7420 4858728    0    0     0     0 36116 39548  2  6 91  0  0
 0  0      0 2571436   7420 4858728    0    0     0     0 31457 34567  3  5 92  0  0
 1  0      0 2571696   7420 4858728    0    0     0     0 36769 39544  3  6 91  0  0
 0  0      0 2571580   7420 4858728    0    0     0     0 35787 38931  3  6 91  0  0
 1  0      0 2571624   7420 4858728    0    0     0     0 37679 40647  2  7 91  0  0
 2  0      0 2572352   7420 4858728    0    0     0     0 37199 40848  3  6 92  0  0
 0  0      0 2572284   7420 4858728    0    0     0     0 31381 33886  2  5 93  0  0
procs -----------memory---------- ---swap-- -----io---- -system-- ------cpu-----
 r  b   swpd   free   buff  cache   si   so    bi    bo   in   cs us sy id wa st
 5  0      0 2572752   7420 4858732    0    0     0     0 37251 40542  3  7 91  0  0
 0  0      0 2572600   7420 4858736    0    0     0     0 36389 39672  3  6 91  0  0
 0  0      0 2572660   7420 4858740    0    0     0     0 38105 41410  3  6 91  0  0
 0  0      0 2572312   7420 4858740    0    0     0     0 36715 40170  3  6 91  0  0
 0  0      0 2571540   7420 4858740    0    0     0     0 32551 35201  2  6 92  0  0
 0  0      0 2571420   7420 4858740    0    0     0     0 34738 37404  3  7 91  0  0
 1  0      0 2571584   7420 4858740    0    0     0     0 36507 39257  3  6 92  0  0
 0  0      0 2571400   7420 4858740    0    0     0     0 35270 38440  3  6 91  0  0
 0  0      0 2571948   7420 4858740    0    0     0     0 33648 36875  2  6 92  0  0
 0  0      0 2571912   7420 4858744    0    0     0     0 33733 35441  3  6 92  0  0
 1  0      0 2571732   7420 4858744    0    0     0     0 36568 39312  2  7 91  0  0
 0  0      0 2571620   7420 4858748    0    0     0    76 35508 38898  3  6 91  0  0
 0  0      0 2571008   7420 4858756    0    0     0    89 35205 38222  3  6 92  0  0
 1  0      0 2571760   7420 4858760    0    0     0     0 31909 35111  2  5 92  0  0
 0  0      0 2571672   7420 4858764    0    0     0     0 33712 35914  3  6 91  0  0
 0  0      0 2572264   7420 4858764    0    0     0     0 35724 39141  3  6 92  0  0
 0  0      0 2572000   7420 4858764    0    0     0     0 36037 39448  3  6 92  0  0
 0  0      0 2572660   7420 4858764    0    0     0     0 33781 36862  2  5 93  0  0
 1  0      0 2572652   7420 4858764    0    0     0     0 31719 34136  2  6 92  0  0
 0  0      0 2572220   7420 4858772    0    0     0     0 36152 38463  3  5 92  0  0
 0  0      0 2572724   7420 4858772    0    0     0     0 38106 41522  3  6 91  0  0
procs -----------memory---------- ---swap-- -----io---- -system-- ------cpu-----
 r  b   swpd   free   buff  cache   si   so    bi    bo   in   cs us sy id wa st
 0  0      0 2572752   7420 4858772    0    0     0   112 35938 39148  3  6 91  0  0
 0  0      0 2571936   7420 4858772    0    0     0     0 35908 38760  3  6 91  0  0
 0  0      0 2571684   7420 4858772    0    0     0     0 31193 34693  2  6 92  0  0
 0  0      0 2571752   7420 4858780    0    0     0     0 34646 37250  3  6 91  0  0
 0  0      0 2571636   7420 4858780    0    0     0     0 36451 39853  3  6 92  0  0
 0  0      0 2571968   7420 4858784    0    0     0     0 36580 40254  3  6 92  0  0
 0  0      0 2572408   7420 4858784    0    0     0     0 36141 39604  2  6 91  0  0
 0  0      0 2571684   7420 4858788    0    0     0     0 32021 35428  2  5 93  0  0
 0  0      0 2571780   7420 4858788    0    0     0     0 37636 40418  2  7 91  0  0
 0  0      0 2572184   7420 4858788    0    0     0     0 35753 38299  3  6 91  0  0
 1  0      0 2571744   7420 4858788    0    0     0     0 36964 40584  2  6 91  0  0
 2  0      0 2572020   7420 4858788    0    0     0     0 35943 39272  3  6 92  0  0
 0  0      0 2547780   7420 4858788    0    0     0     4 29646 32322  5  5 90  0  0
 1  0      0 2547728   7420 4858796    0    0     0     0 35283 37081  3  6 91  0  0
 0  0      0 2547372   7420 4858796    0    0     0     0 34507 37669  3  6 91  0  0
 0  0      0 2547864   7420 4858796    0    0     0     0 36344 39828  3  6 91  0  0
 0  0      0 2547196   7420 4858800    0    0     0     0 35231 38517  3  6 91  0  0
 1  0      0 2547088   7420 4858800    0    0     0     0 30156 32168  3  5 92  0  0
 1  0      0 2546792   7420 4858808    0    0     0     0 33976 36448  2  5 92  0  0
 0  0      0 2547300   7420 4858808    0    0     0     0 36157 39080  3  6 91  0  0
 1  0      0 2547308   7420 4858812    0    0     0     0 36006 38532  3  6 91  0  0
procs -----------memory---------- ---swap-- -----io---- -system-- ------cpu-----
 r  b   swpd   free   buff  cache   si   so    bi    bo   in   cs us sy id wa st
 1  0      0 2547628   7420 4858812    0    0     0    75 32679 36207  2  6 92  0  0
 1  0      0 2547408   7420 4858812    0    0     0     0 33073 35590  2  5 93  0  0
 0  0      0 2547248   7420 4858816    0    0     0     0 34157 35849  3  6 91  0  0
 0  0      0 2547372   7420 4858816    0    0     0     0 34368 37558  3  6 91  0  0
 0  0      0 2547468   7420 4858816    0    0     0     0 34314 37372  3  6 91  0  0
 0  0      0 2547628   7420 4858816    0    0     0     0 33602 36661  2  6 92  0  0
 1  0      0 2547384   7420 4858816    0    0     0     0 31596 34060  2  5 92  0  0
 0  0      0 2547452   7420 4858816    0    0     0     0 35610 38121  3  7 91  0  0
 0  0      0 2547824   7420 4858816    0    0     0     0 35678 38966  3  6 91  0  0
 1  0      0 2572304   7420 4858824    0    0     0   268 31409 35376  9  8 83  0  0
 0  0      0 2572116   7420 4858832    0    0     0    80 31934 35065  2  5 93  0  0
 0  0      0 2572192   7420 4858836    0    0     0     0 34662 37454  3  6 91  0  0
 1  0      0 2571700   7420 4858836    0    0     0     0 34585 37625  3  6 91  0  0
 0  0      0 2571824   7420 4858844    0    0     0     0 35377 38670  3  6 91  0  0
 1  0      0 2571996   7420 4858844    0    0     0     0 35707 38850  2  6 92  0  0
 2  0      0 2571620   7420 4858844    0    0     0     4 32804 35416  2  6 92  0  0
 0  0      0 2571924   7420 4858844    0    0     0     0 32299 34562  2  5 93  0  0
 0  0      0 2571768   7420 4858852    0    0     0     0 35748 38099  2  6 92  0  0
 0  0      0 2571844   7420 4858852    0    0     0     0 32711 35350  2  5 93  0  0
 1  0      0 2572284   7420 4858852    0    0     0     0 34088 36485  2  5 93  0  0
 0  0      0 2571844   7420 4858852    0    0     0     0 34853 37499  2  5 93  0  0
procs -----------memory---------- ---swap-- -----io---- -system-- ------cpu-----
 r  b   swpd   free   buff  cache   si   so    bi    bo   in   cs us sy id wa st
 0  0      0 2571552   7420 4858852    0    0     0    16 25570 27715  2  4 95  0  0
 1  0      0 2571316   7420 4858852    0    0     0     0 35757 37751  2  6 92  0  0
 0  0      0 2571632   7420 4858860    0    0     0     0 34718 37262  3  6 91  0  0
 0  0      0 2571688   7420 4858860    0    0     0     0 35095 38310  2  6 92  0  0
 0  0      0 2571472   7420 4858864    0    0     0     0 35387 38446  3  6 92  0  0
 0  0      0 2571528   7420 4858864    0    0     0     8 31325 34339  2  5 93  0  0
 0  0      0 2571584   7420 4858868    0    0     0     0 33064 35205  2  6 92  0  0
 0  0      0 2590952   7420 4858868    0    0     0     0 2750 2384  0  1 99  0  0
 0  0      0 2590952   7420 4858868    0    0     0     0  382  385  0  0 100  0  0
 0  0      0 2590952   7420 4858868    0    0     0    55  426  436  0  0 100  0  0
 0  0      0 2591380   7420 4858868    0    0     0     0  671  565  1  0 99  0  0
