Linux 4.18.0-425.3.1.el8.x86_64 (l-dbm-labroom-1) 	西元2026年05月24日 	_x86_64_	(4 CPU)

05時20分04秒  CPU    %usr   %nice    %sys %iowait    %irq   %soft  %steal  %guest  %gnice   %idle
05時20分05秒  all    2.76    0.00    1.76    0.00    0.25    1.01    0.00    0.00    0.00   94.22
05時20分06秒  all    2.76    0.00    2.51    0.00    0.75    1.26    0.00    0.00    0.00   92.71
05時20分07秒  all    2.75    0.00    3.50    0.00    0.50    2.00    0.00    0.00    0.00   91.25
05時20分08秒  all    2.29    0.00    3.05    0.00    0.76    1.27    0.00    0.00    0.00   92.62
05時20分09秒  all    2.26    0.00    3.52    0.00    0.75    2.01    0.00    0.00    0.00   91.46
05時20分10秒  all    2.79    0.00    4.06    0.00    1.02    1.78    0.00    0.00    0.00   90.36
05時20分11秒  all    3.53    0.00    4.28    0.00    0.50    1.76    0.00    0.00    0.00   89.92
05時20分12秒  all    3.03    0.00    3.03    0.00    0.76    1.77    0.00    0.00    0.00   91.41
05時20分13秒  all    2.03    0.00    2.78    0.00    0.76    1.77    0.00    0.00    0.00   92.66
05時20分14秒  all    3.05    0.00    3.81    0.00    0.76    1.78    0.00    0.00    0.00   90.61
05時20分15秒  all    2.77    0.00    3.78    0.00    0.50    1.76    0.00    0.00    0.00   91.18
05時20分16秒  all    2.77    0.00    3.02    0.00    1.01    2.02    0.00    0.00    0.00   91.18
05時20分17秒  all    3.02    0.00    3.02    0.00    0.50    1.76    0.00    0.00    0.00   91.69
05時20分18秒  all    3.81    0.00    4.31    0.00    0.76    1.78    0.00    0.00    0.00   89.34
05時20分19秒  all    2.54    0.00    2.79    0.00    1.02    1.78    0.00    0.00    0.00   91.88
05時20分20秒  all    8.08    0.00    5.30    0.00    0.51    2.02    0.00    0.00    0.00   84.09
05時20分21秒  all    3.27    0.00    3.52    0.00    1.01    1.76    0.00    0.00    0.00   90.45
05時20分22秒  all    3.78    0.00    4.79    0.00    0.76    2.02    0.00    0.00    0.00   88.66
05時20分23秒  all    3.03    0.00    2.27    0.00    0.51    1.77    0.00    0.00    0.00   92.42
05時20分24秒  all    1.78    0.00    2.54    0.00    0.76    1.27    0.00    0.00    0.00   93.64
05時20分25秒  all    2.80    0.00    3.82    0.00    0.76    2.04    0.00    0.00    0.00   90.59
05時20分26秒  all    3.28    0.00    4.29    0.00    0.51    2.02    0.00    0.00    0.00   89.90
05時20分27秒  all    2.78    0.00    2.53    0.00    1.01    1.52    0.00    0.00    0.00   92.15
05時20分28秒  all    2.29    0.00    2.80    0.00    0.51    1.78    0.00    0.00    0.00   92.62
05時20分29秒  all    4.26    0.00    4.01    0.00    1.00    2.01    0.00    0.00    0.00   88.72
05時20分30秒  all    3.03    0.00    4.04    0.00    0.51    2.02    0.00    0.00    0.00   90.40
05時20分31秒  all    2.78    0.00    3.80    0.00    1.01    1.77    0.00    0.00    0.00   90.63
05時20分32秒  all    2.53    0.00    3.54    0.00    0.76    2.02    0.00    0.00    0.00   91.16
05時20分33秒  all    3.82    0.00    4.33    0.00    0.51    2.04    0.00    0.00    0.00   89.31
05時20分34秒  all    3.04    0.00    3.04    0.00    1.27    1.52    0.00    0.00    0.00   91.14
05時20分35秒  all    2.52    0.00    3.53    0.00    0.50    2.27    0.00    0.00    0.00   91.18
05時20分36秒  all    2.78    0.00    2.78    0.00    1.01    1.77    0.00    0.00    0.00   91.65
05時20分37秒  all    3.31    0.00    4.58    0.00    0.76    1.53    0.00    0.00    0.00   89.82
05時20分38秒  all    2.27    0.00    2.78    0.00    0.51    1.77    0.00    0.00    0.00   92.68
05時20分39秒  all    3.50    0.00    4.00    0.00    0.75    2.00    0.00    0.00    0.00   89.75
05時20分40秒  all    2.55    0.00    3.06    0.00    0.77    1.79    0.00    0.00    0.00   91.84
05時20分41秒  all    4.28    0.00    4.53    0.00    1.01    2.27    0.00    0.00    0.00   87.91
05時20分42秒  all    3.03    0.00    3.28    0.00    0.76    1.52    0.00    0.00    0.00   91.41
05時20分43秒  all    2.27    0.00    3.27    0.00    0.76    2.02    0.00    0.00    0.00   91.69
05時20分44秒  all    3.32    0.00    3.07    0.00    0.51    1.53    0.00    0.00    0.00   91.56
05時20分45秒  all    3.06    0.00    3.06    0.00    1.02    1.79    0.00    0.00    0.00   91.07
05時20分46秒  all    2.30    0.00    2.56    0.00    0.51    2.30    0.00    0.00    0.00   92.33
05時20分47秒  all    2.03    0.00    3.04    0.00    1.01    1.77    0.00    0.00    0.00   92.15
05時20分48秒  all    4.05    0.00    3.54    0.25    0.51    1.52    0.00    0.00    0.00   90.13
05時20分49秒  all    2.54    0.00    3.05    0.00    1.02    2.03    0.00    0.00    0.00   91.37
05時20分50秒  all    2.54    0.00    3.30    0.00    0.76    1.78    0.00    0.00    0.00   91.62
05時20分51秒  all    2.05    0.00    2.81    0.00    0.77    1.79    0.00    0.00    0.00   92.58
05時20分52秒  all    4.01    0.00    5.01    0.00    0.50    2.01    0.00    0.00    0.00   88.47
05時20分53秒  all    2.30    0.00    2.81    0.00    0.77    1.79    0.00    0.00    0.00   92.35
05時20分54秒  all    2.54    0.00    3.05    0.00    0.76    1.78    0.00    0.00    0.00   91.88
05時20分55秒  all    2.79    0.00    3.05    0.00    0.76    2.03    0.00    0.00    0.00   91.37
05時20分56秒  all    3.56    0.00    4.07    0.00    1.02    2.04    0.00    0.00    0.00   89.31
05時20分57秒  all    2.79    0.00    3.05    0.00    0.51    1.52    0.00    0.00    0.00   92.13
05時20分58秒  all    2.28    0.00    2.79    0.00    0.76    2.03    0.00    0.00    0.00   92.13
05時20分59秒  all    3.55    0.00    3.81    0.00    0.76    1.78    0.00    0.00    0.00   90.10
05時21分00秒  all    2.80    0.00    3.56    0.00    0.76    2.04    0.00    0.00    0.00   90.84
05時21分01秒  all    4.29    0.00    4.29    0.00    1.26    2.02    0.00    0.00    0.00   88.13
05時21分02秒  all    2.56    0.00    3.07    0.00    0.26    1.79    0.00    0.00    0.00   92.33
05時21分03秒  all    3.05    0.00    3.82    0.00    1.27    2.29    0.00    0.00    0.00   89.57
05時21分04秒  all    3.05    0.00    3.81    0.00    0.51    1.52    0.00    0.00    0.00   91.12
05時21分05秒  all    3.78    0.00    3.53    0.00    0.76    1.76    0.00    0.00    0.00   90.18
05時21分06秒  all    2.80    0.00    2.54    0.00    1.02    2.04    0.00    0.00    0.00   91.60
05時21分07秒  all    4.06    0.00    3.81    0.00    0.76    2.03    0.00    0.00    0.00   89.34
05時21分08秒  all    2.28    0.00    3.05    0.00    0.76    1.78    0.00    0.00    0.00   92.13
05時21分09秒  all    2.78    0.00    2.78    0.00    0.76    1.77    0.00    0.00    0.00   91.90
05時21分10秒  all    3.27    0.00    3.77    0.00    1.01    1.76    0.00    0.00    0.00   90.20
05時21分11秒  all    3.58    0.00    4.60    0.00    0.51    2.05    0.00    0.00    0.00   89.26
05時21分12秒  all    2.51    0.00    3.26    0.00    1.00    2.01    0.00    0.00    0.00   91.23
05時21分13秒  all    2.81    0.00    2.81    0.00    0.77    1.28    0.00    0.00    0.00   92.35
05時21分14秒  all    2.76    0.00    3.76    0.00    0.75    2.01    0.00    0.00    0.00   90.73
05時21分15秒  all    2.81    0.00    3.58    0.00    0.77    1.79    0.00    0.00    0.00   91.05
05時21分16秒  all    3.54    0.00    3.03    0.00    0.51    2.02    0.00    0.00    0.00   90.91
05時21分17秒  all    2.53    0.00    2.78    0.00    1.01    1.77    0.00    0.00    0.00   91.92
05時21分18秒  all    4.26    0.00    4.51    0.00    0.50    2.01    0.00    0.00    0.00   88.72
05時21分19秒  all    4.34    0.00    4.08    0.00    1.02    1.79    0.00    0.00    0.00   88.78
05時21分20秒  all    7.02    0.00    4.51    0.00    1.00    1.75    0.00    0.00    0.00   85.71
05時21分21秒  all    2.56    0.00    2.81    0.00    0.51    1.79    0.00    0.00    0.00   92.33
05時21分22秒  all    3.99    0.00    5.49    0.00    1.00    2.00    0.00    0.00    0.00   87.53
05時21分23秒  all    3.05    0.00    2.29    0.00    0.25    1.78    0.00    0.00    0.00   92.62
05時21分24秒  all    2.27    0.00    3.03    0.00    1.26    1.77    0.00    0.00    0.00   91.67
05時21分25秒  all    2.54    0.00    3.55    0.00    0.25    2.03    0.00    0.00    0.00   91.62
05時21分26秒  all    3.81    0.00    4.57    0.00    1.02    2.03    0.00    0.00    0.00   88.58
05時21分27秒  all    2.50    0.00    3.75    0.00    0.75    1.75    0.00    0.00    0.00   91.25
05時21分28秒  all    2.04    0.00    3.06    0.00    0.77    1.79    0.00    0.00    0.00   92.35
05時21分29秒  all    3.27    0.00    3.27    0.00    0.76    2.02    0.00    0.00    0.00   90.68
05時21分30秒  all    3.84    0.00    4.09    0.00    1.02    1.79    0.00    0.00    0.00   89.26
05時21分31秒  all    2.78    0.00    3.28    0.00    0.76    2.02    0.00    0.00    0.00   91.16
05時21分32秒  all    2.79    0.00    2.79    0.00    0.76    2.03    0.00    0.00    0.00   91.62
05時21分33秒  all    3.27    0.00    3.27    0.00    0.50    2.02    0.00    0.00    0.00   90.93
05時21分34秒  all    3.81    0.00    4.06    0.00    0.76    1.27    0.00    0.00    0.00   90.10
05時21分35秒  all    2.74    0.00    3.74    0.00    1.25    2.00    0.00    0.00    0.00   90.27
05時21分36秒  all    2.81    0.00    2.81    0.00    0.26    2.04    0.00    0.00    0.00   92.09
05時21分37秒  all    2.76    0.00    2.76    0.00    0.75    2.01    0.00    0.00    0.00   91.71
05時21分38秒  all    3.29    0.00    3.80    0.00    0.76    1.27    0.00    0.00    0.00   90.89
05時21分39秒  all    3.27    0.00    4.02    0.00    0.75    2.01    0.00    0.00    0.00   89.95
05時21分40秒  all    2.78    0.00    3.04    0.00    1.01    1.77    0.00    0.00    0.00   91.39
05時21分41秒  all    2.54    0.00    3.05    0.00    0.51    2.03    0.00    0.00    0.00   91.88
05時21分42秒  all    3.54    0.00    4.56    0.00    1.01    1.77    0.00    0.00    0.00   89.11
05時21分43秒  all    2.54    0.00    2.79    0.00    0.25    2.03    0.00    0.00    0.00   92.39
05時21分44秒  all    3.02    0.00    2.51    0.00    1.26    1.26    0.00    0.00    0.00   91.96
05時21分45秒  all    1.54    0.00    3.33    0.00    0.26    2.05    0.00    0.00    0.00   92.82
05時21分46秒  all    3.28    0.00    3.79    0.00    1.01    2.02    0.00    0.00    0.00   89.90
05時21分47秒  all    2.79    0.00    3.55    0.00    0.76    1.27    0.00    0.00    0.00   91.62
05時21分48秒  all    2.02    0.00    3.02    0.00    0.76    2.02    0.00    0.00    0.00   92.19
05時21分49秒  all    2.29    0.00    2.54    0.00    0.76    2.04    0.00    0.00    0.00   92.37
05時21分50秒  all    4.02    0.00    4.77    0.00    1.01    1.51    0.00    0.00    0.00   88.69
05時21分51秒  all    2.04    0.00    2.81    0.00    0.51    1.79    0.00    0.00    0.00   92.86
05時21分52秒  all    2.77    0.00    3.02    0.00    0.76    2.02    0.00    0.00    0.00   91.44
05時21分53秒  all    2.30    0.00    2.81    0.00    0.51    1.28    0.00    0.00    0.00   93.09
05時21分54秒  all    3.52    0.00    4.52    0.00    0.75    2.01    0.00    0.00    0.00   89.20
05時21分55秒  all    2.27    0.00    3.03    0.00    1.01    1.77    0.00    0.00    0.00   91.92
05時21分56秒  all    2.54    0.00    3.05    0.00    0.51    2.04    0.00    0.00    0.00   91.86
05時21分57秒  all    3.32    0.00    3.57    0.00    1.02    1.53    0.00    0.00    0.00   90.56
05時21分58秒  all    3.05    0.00    3.31    0.00    0.51    2.29    0.00    0.00    0.00   90.84
05時21分59秒  all    2.97    0.00    4.46    0.00    0.99    1.98    0.00    0.00    0.00   89.60
05時22分00秒  all    2.81    0.00    3.06    0.00    0.77    1.79    0.00    0.00    0.00   91.58
05時22分01秒  all    4.29    0.00    4.55    0.00    0.76    1.77    0.00    0.00    0.00   88.64
05時22分02秒  all    5.51    0.00    4.51    0.00    1.00    2.01    0.00    0.00    0.00   86.97
05時22分03秒  all    2.80    0.00    2.54    0.00    0.76    2.04    0.00    0.00    0.00   91.86
05時22分04秒  all    2.30    0.00    2.56    0.00    0.51    1.79    0.00    0.00    0.00   92.84
05時22分05秒  all    4.53    0.00    5.29    0.00    1.01    1.76    0.00    0.00    0.00   87.41
05時22分06秒  all    2.77    0.00    3.27    0.00    1.01    2.02    0.00    0.00    0.00   90.93
05時22分07秒  all    2.78    0.00    3.28    0.00    0.51    2.02    0.00    0.00    0.00   91.41
05時22分08秒  all    3.02    0.00    3.27    0.00    0.76    1.51    0.00    0.00    0.00   91.44
05時22分09秒  all    3.75    0.00    5.00    0.00    0.75    2.00    0.00    0.00    0.00   88.50
05時22分10秒  all    2.28    0.00    3.30    0.00    0.76    2.03    0.00    0.00    0.00   91.62
05時22分11秒  all    3.07    0.00    2.56    0.00    0.77    1.53    0.00    0.00    0.00   92.07
05時22分12秒  all    2.77    0.00    4.79    0.00    0.76    2.02    0.00    0.00    0.00   89.67
05時22分13秒  all    3.28    0.00    3.28    0.00    1.01    2.02    0.00    0.00    0.00   90.40
05時22分14秒  all    2.28    0.00    3.55    0.00    0.76    1.78    0.00    0.00    0.00   91.62
05時22分15秒  all    2.79    0.00    3.55    0.00    0.76    2.03    0.00    0.00    0.00   90.86
05時22分16秒  all    4.26    0.00    4.51    0.00    1.00    1.75    0.00    0.00    0.00   88.47
05時22分17秒  all    2.79    0.00    3.81    0.00    0.51    2.03    0.00    0.00    0.00   90.86
05時22分18秒  all    2.77    0.00    2.52    0.00    1.01    1.76    0.00    0.00    0.00   91.94
05時22分19秒  all    2.79    0.00    3.30    0.00    0.51    2.03    0.00    0.00    0.00   91.37
05時22分20秒  all    9.90    0.00    6.60    0.00    0.76    1.78    0.00    0.00    0.00   80.96
05時22分21秒  all    3.25    0.00    4.00    0.00    1.00    2.00    0.00    0.00    0.00   89.75
05時22分22秒  all    2.78    0.00    3.28    0.00    0.76    1.77    0.00    0.00    0.00   91.41
05時22分23秒  all    2.53    0.00    3.03    0.00    0.51    1.77    0.00    0.00    0.00   92.17
05時22分24秒  all    4.26    0.00    4.51    0.00    0.75    1.75    0.00    0.00    0.00   88.72
05時22分25秒  all    3.02    0.00    3.27    0.00    1.01    1.76    0.00    0.00    0.00   90.95
05時22分26秒  all    2.76    0.00    3.77    0.00    0.50    2.01    0.00    0.00    0.00   90.95
05時22分27秒  all    3.05    0.00    4.06    0.00    1.02    2.03    0.00    0.00    0.00   89.85
05時22分28秒  all    3.30    0.00    3.81    0.00    0.51    1.52    0.00    0.00    0.00   90.86
05時22分29秒  all    2.76    0.00    3.76    0.00    1.00    2.01    0.00    0.00    0.00   90.48
05時22分30秒  all    3.02    0.00    3.52    0.00    0.75    2.01    0.00    0.00    0.00   90.70
05時22分31秒  all    3.52    0.00    5.03    0.00    0.75    1.76    0.00    0.00    0.00   88.94
05時22分32秒  all    2.74    0.00    4.49    0.00    1.00    2.00    0.00    0.00    0.00   89.78
05時22分33秒  all    3.03    0.00    2.53    0.00    0.25    1.77    0.00    0.00    0.00   92.42
05時22分34秒  all    2.77    0.00    3.53    0.00    1.01    1.51    0.00    0.00    0.00   91.18
05時22分35秒  all    4.01    0.00    5.01    0.00    0.75    2.01    0.00    0.00    0.00   88.22
05時22分36秒  all    2.27    0.00    4.03    0.00    0.76    2.02    0.00    0.00    0.00   90.93
05時22分37秒  all    2.52    0.00    3.53    0.00    0.76    1.26    0.00    0.00    0.00   91.94
05時22分38秒  all    2.76    0.00    3.27    0.00    0.75    1.76    0.00    0.00    0.00   91.46
05時22分39秒  all    4.28    0.00    4.28    0.00    0.50    2.02    0.00    0.00    0.00   88.92
05時22分40秒  all    2.53    0.00    2.78    0.00    1.01    1.52    0.00    0.00    0.00   92.17
05時22分41秒  all    2.29    0.00    3.31    0.00    0.51    2.04    0.00    0.00    0.00   91.86
05時22分42秒  all    3.54    0.00    3.28    0.00    0.76    1.52    0.00    0.00    0.00   90.91
05時22分43秒  all    3.50    0.00    3.75    0.00    1.00    2.00    0.00    0.00    0.00   89.75
05時22分44秒  all    3.02    0.00    3.53    0.00    0.50    1.51    0.00    0.00    0.00   91.44
05時22分45秒  all    2.53    0.00    3.28    0.00    1.01    1.77    0.00    0.00    0.00   91.41
05時22分46秒  all    2.78    0.00    4.55    0.25    0.51    2.02    0.00    0.00    0.00   89.90
05時22分47秒  all    3.00    0.00    3.75    0.00    1.00    1.75    0.00    0.00    0.00   90.50
05時22分48秒  all    2.78    0.00    2.78    0.00    0.51    1.52    0.00    0.00    0.00   92.41
05時22分49秒  all    3.27    0.00    3.27    0.00    1.01    2.01    0.00    0.00    0.00   90.45
05時22分50秒  all    4.27    0.00    5.03    0.00    0.75    2.01    0.00    0.00    0.00   87.94
05時22分51秒  all    2.80    0.00    3.05    0.00    0.51    1.78    0.00    0.00    0.00   91.86
05時22分52秒  all    2.53    0.00    2.78    0.00    1.01    1.52    0.00    0.00    0.00   92.17
05時22分53秒  all    3.00    0.00    3.25    0.00    0.75    2.25    0.00    0.00    0.00   90.75
05時22分54秒  all    3.34    0.00    3.86    0.00    0.51    1.80    0.00    0.00    0.00   90.49
05時22分55秒  all    2.99    0.00    3.74    0.00    1.00    1.50    0.00    0.00    0.00   90.77
05時22分56秒  all    3.27    0.00    3.53    0.00    0.50    2.02    0.00    0.00    0.00   90.68
05時22分57秒  all    2.78    0.00    3.28    0.00    1.01    2.02    0.00    0.00    0.00   90.91
05時22分58秒  all    3.79    0.00    4.80    0.00    0.51    1.77    0.00    0.00    0.00   89.14
05時22分59秒  all    3.03    0.00    3.54    0.00    0.76    2.02    0.00    0.00    0.00   90.66
05時23分00秒  all    2.78    0.00    3.54    0.00    1.01    1.77    0.00    0.00    0.00   90.89
05時23分01秒  all    5.09    0.00    3.82    0.00    0.76    2.04    0.00    0.00    0.00   88.30
05時23分02秒  all    3.05    0.00    4.06    0.00    0.76    2.03    0.00    0.00    0.00   90.10
05時23分03秒  all    2.29    0.00    3.31    0.00    0.76    1.53    0.00    0.00    0.00   92.11
05時23分04秒  all    2.78    0.00    2.78    0.00    0.76    2.03    0.00    0.00    0.00   91.65
05時23分05秒  all    4.50    0.00    4.75    0.00    1.00    2.25    0.00    0.00    0.00   87.50
05時23分06秒  all    3.30    0.00    3.55    0.00    1.02    1.78    0.00    0.00    0.00   90.36
05時23分07秒  all    2.30    0.00    3.07    0.00    0.26    2.05    0.00    0.00    0.00   92.33
05時23分08秒  all    2.52    0.00    2.77    0.00    1.26    1.76    0.00    0.00    0.00   91.69
05時23分09秒  all    4.05    0.00    4.81    0.00    0.25    2.03    0.00    0.00    0.00   88.86
05時23分10秒  all    3.27    0.00    4.27    0.00    1.01    1.76    0.00    0.00    0.00   89.70
05時23分11秒  all    3.05    0.00    2.54    0.00    0.51    2.03    0.00    0.00    0.00   91.88
05時23分12秒  all    3.27    0.00    3.77    0.00    0.75    1.76    0.00    0.00    0.00   90.45
05時23分13秒  all    4.04    0.00    4.29    0.00    0.76    1.77    0.00    0.00    0.00   89.14
05時23分14秒  all    3.01    0.00    3.26    0.00    0.75    2.01    0.00    0.00    0.00   90.98
05時23分15秒  all    2.78    0.00    3.04    0.00    1.01    1.77    0.00    0.00    0.00   91.39
05時23分16秒  all    4.24    0.00    3.49    0.00    0.50    2.24    0.00    0.00    0.00   89.53
05時23分17秒  all    3.53    0.00    5.04    0.00    1.26    2.02    0.00    0.00    0.00   88.16
05時23分18秒  all    2.81    0.00    3.07    0.00    0.51    1.28    0.00    0.00    0.00   92.33
05時23分19秒  all    5.30    0.00    4.80    0.00    1.01    2.02    0.00    0.00    0.00   86.87
05時23分20秒  all    6.33    0.00    4.05    0.00    0.51    2.03    0.00    0.00    0.00   87.09
05時23分21秒  all    4.00    0.00    4.00    0.00    1.25    2.25    0.00    0.00    0.00   88.50
05時23分22秒  all    2.81    0.00    3.32    0.00    0.26    1.28    0.00    0.00    0.00   92.33
05時23分23秒  all    2.49    0.00    3.24    0.00    1.00    2.24    0.00    0.00    0.00   91.02
05時23分24秒  all    3.79    0.00    4.04    0.00    0.76    1.77    0.00    0.00    0.00   89.65
05時23分25秒  all    2.80    0.00    3.82    0.00    0.51    1.78    0.00    0.00    0.00   91.09
05時23分26秒  all    2.77    0.00    3.53    0.00    1.01    2.02    0.00    0.00    0.00   90.68
05時23分27秒  all    3.04    0.00    3.04    0.00    1.01    1.77    0.00    0.00    0.00   91.14
05時23分28秒  all    3.56    0.00    4.07    0.00    0.51    1.53    0.00    0.00    0.00   90.33
05時23分29秒  all    2.79    0.00    3.05    0.00    0.76    2.03    0.00    0.00    0.00   91.37
05時23分30秒  all    2.99    0.00    3.73    0.00    1.00    2.24    0.00    0.00    0.00   90.05
05時23分31秒  all    2.82    0.00    2.31    0.00    0.77    1.79    0.00    0.00    0.00   92.31
05時23分32秒  all    4.06    0.00    4.31    0.00    0.76    1.78    0.00    0.00    0.00   89.09
05時23分33秒  all    2.80    0.00    2.80    0.00    0.51    1.78    0.00    0.00    0.00   92.11
05時23分34秒  all    2.54    0.00    2.54    0.00    1.02    1.78    0.00    0.00    0.00   92.11
05時23分35秒  all    3.02    0.00    3.52    0.00    0.75    2.01    0.00    0.00    0.00   90.70
05時23分36秒  all    3.58    0.00    3.84    0.00    0.51    1.79    0.00    0.00    0.00   90.28
05時23分37秒  all    3.01    0.00    2.76    0.00    1.25    2.01    0.00    0.00    0.00   90.98
05時23分38秒  all    2.04    0.00    3.06    0.00    0.26    1.53    0.00    0.00    0.00   93.11
05時23分39秒  all    3.54    0.00    4.05    0.00    0.76    1.77    0.00    0.00    0.00   89.87
05時23分40秒  all    3.52    0.00    3.77    0.00    1.01    2.01    0.00    0.00    0.00   89.70
05時23分41秒  all    2.81    0.00    3.06    0.00    0.51    1.79    0.00    0.00    0.00   91.84
05時23分42秒  all    2.04    0.00    2.80    0.00    1.02    2.04    0.00    0.00    0.00   92.11
05時23分43秒  all    3.53    0.00    4.03    0.00    0.76    1.76    0.00    0.00    0.00   89.92
05時23分44秒  all    2.54    0.00    3.56    0.00    0.51    1.78    0.00    0.00    0.00   91.60
05時23分45秒  all    3.04    0.00    3.04    0.00    1.01    1.77    0.00    0.00    0.00   91.14
05時23分46秒  all    3.02    0.00    3.53    0.00    0.76    2.27    0.00    0.00    0.00   90.43
05時23分47秒  all    3.54    0.00    4.56    0.00    0.76    2.03    0.00    0.00    0.00   89.11
05時23分48秒  all    3.01    0.00    3.26    0.00    1.00    1.50    0.00    0.00    0.00   91.23
05時23分49秒  all    2.29    0.00    3.31    0.00    0.51    1.78    0.00    0.00    0.00   92.11
05時23分50秒  all    2.51    0.00    3.02    0.00    0.75    1.76    0.00    0.00    0.00   91.96
05時23分51秒  all    3.79    0.00    4.80    0.00    0.76    1.77    0.00    0.00    0.00   88.89
05時23分52秒  all    2.78    0.00    2.28    0.00    0.76    2.03    0.00    0.00    0.00   92.15
05時23分53秒  all    2.53    0.00    3.04    0.00    0.51    1.52    0.00    0.00    0.00   92.41
05時23分54秒  all    2.76    0.00    3.02    0.00    0.75    1.76    0.00    0.00    0.00   91.71
05時23分55秒  all    4.00    0.00    4.75    0.00    1.00    2.00    0.00    0.00    0.00   88.25
05時23分56秒  all    2.30    0.00    2.81    0.00    0.77    1.79    0.00    0.00    0.00   92.33
05時23分57秒  all    2.04    0.00    3.57    0.00    0.77    1.53    0.00    0.00    0.00   92.09
05時23分58秒  all    3.75    0.00    3.75    0.00    0.75    2.00    0.00    0.00    0.00   89.75
05時23分59秒  all    3.77    0.00    4.02    0.00    0.50    2.26    0.00    0.00    0.00   89.45
05時24分00秒  all    3.28    0.00    3.54    0.00    1.01    1.52    0.00    0.00    0.00   90.66
05時24分01秒  all    2.79    0.00    2.79    0.00    0.76    2.28    0.00    0.00    0.00   91.37
05時24分02秒  all    6.30    0.00    5.04    0.00    0.76    2.02    0.00    0.00    0.00   85.89
05時24分03秒  all    2.56    0.00    3.08    0.00    0.77    1.79    0.00    0.00    0.00   91.79
05時24分04秒  all    3.02    0.00    2.77    0.00    0.76    1.76    0.00    0.00    0.00   91.69
05時24分05秒  all    3.52    0.00    3.27    0.00    1.01    2.01    0.00    0.00    0.00   90.20
05時24分06秒  all    4.05    0.00    4.81    0.00    0.76    2.03    0.00    0.00    0.00   88.35
05時24分07秒  all    2.78    0.00    3.28    0.00    0.76    1.77    0.00    0.00    0.00   91.41
05時24分08秒  all    2.78    0.00    3.04    0.00    0.51    1.77    0.00    0.00    0.00   91.90
05時24分09秒  all    2.78    0.00    3.79    0.00    1.01    1.77    0.00    0.00    0.00   90.66
05時24分10秒  all    4.56    0.00    4.30    0.00    1.01    2.28    0.00    0.00    0.00   87.85
05時24分11秒  all    3.07    0.00    3.32    0.00    0.51    1.79    0.00    0.00    0.00   91.30
05時24分12秒  all    2.76    0.00    3.27    0.00    1.01    2.01    0.00    0.00    0.00   90.95
05時24分13秒  all    2.81    0.00    2.30    0.00    0.51    1.79    0.00    0.00    0.00   92.60
05時24分14秒  all    3.55    0.00    4.06    0.00    1.02    1.78    0.00    0.00    0.00   89.59
05時24分15秒  all    2.31    0.00    2.82    0.00    0.51    2.05    0.00    0.00    0.00   92.31
05時24分16秒  all    3.02    0.00    3.27    0.00    1.01    2.27    0.00    0.00    0.00   90.43
05時24分17秒  all    3.54    0.00    4.30    0.00    0.76    1.77    0.00    0.00    0.00   89.62
05時24分18秒  all    3.54    0.00    3.79    0.00    1.01    1.77    0.00    0.00    0.00   89.90
05時24分19秒  all    3.04    0.00    3.80    0.00    0.51    2.28    0.00    0.00    0.00   90.38
05時24分20秒  all    8.86    0.00    5.57    0.00    0.76    2.03    0.00    0.00    0.00   82.78
05時24分21秒  all    5.00    0.00    4.75    0.00    1.00    2.00    0.00    0.00    0.00   87.25
05時24分22秒  all    2.99    0.00    3.48    0.00    1.00    1.74    0.00    0.00    0.00   90.80
05時24分23秒  all    2.05    0.00    2.82    0.00    0.51    1.54    0.00    0.00    0.00   93.08
05時24分24秒  all    3.27    0.00    2.77    0.00    0.76    2.02    0.00    0.00    0.00   91.18
05時24分25秒  all    4.52    0.00    4.77    0.00    0.75    1.76    0.00    0.00    0.00   88.19
05時24分26秒  all    2.53    0.00    3.04    0.00    0.76    2.28    0.00    0.00    0.00   91.39
05時24分27秒  all    3.08    0.00    2.31    0.00    0.77    1.79    0.00    0.00    0.00   92.05
05時24分28秒  all    3.04    0.00    3.54    0.00    1.01    2.03    0.00    0.00    0.00   90.38
05時24分29秒  all    4.48    0.00    5.22    0.00    1.00    1.99    0.00    0.00    0.00   87.31
05時24分30秒  all    3.02    0.00    3.77    0.00    0.75    2.01    0.00    0.00    0.00   90.45
05時24分31秒  all    2.78    0.00    4.04    0.00    0.51    1.77    0.00    0.00    0.00   90.91
05時24分32秒  all    3.51    0.00    4.01    0.00    1.00    2.01    0.00    0.00    0.00   89.47
05時24分33秒  all    3.28    0.00    4.04    0.00    0.51    1.77    0.00    0.00    0.00   90.40
05時24分34秒  all    2.77    0.00    4.03    0.00    0.76    1.76    0.00    0.00    0.00   90.68
05時24分35秒  all    3.02    0.00    3.27    0.00    1.26    2.01    0.00    0.00    0.00   90.45
05時24分36秒  all    4.52    0.00    4.52    0.00    0.50    2.26    0.00    0.00    0.00   88.19
05時24分37秒  all    2.78    0.00    4.05    0.00    0.76    2.03    0.00    0.00    0.00   90.38
05時24分38秒  all    2.80    0.00    2.80    0.00    0.51    1.27    0.00    0.00    0.00   92.62
05時24分39秒  all    2.27    0.00    3.28    0.00    1.01    2.27    0.00    0.00    0.00   91.16
05時24分40秒  all    4.27    0.00    5.28    0.00    0.75    2.01    0.00    0.00    0.00   87.69
05時24分41秒  all    3.02    0.00    3.52    0.00    0.75    2.01    0.00    0.00    0.00   90.70
05時24分42秒  all    3.28    0.00    3.28    0.00    1.01    2.02    0.00    0.00    0.00   90.40
05時24分43秒  all    2.54    0.00    3.56    0.00    1.02    1.78    0.00    0.00    0.00   91.09
05時24分44秒  all    4.04    0.00    4.80    0.00    0.51    1.77    0.00    0.00    0.00   88.89
05時24分45秒  all    3.27    0.00    3.78    0.00    0.76    2.02    0.00    0.00    0.00   90.18
05時24分46秒  all    3.02    0.00    3.53    0.00    1.26    2.02    0.00    0.00    0.00   90.18
05時24分47秒  all    3.80    0.00    3.04    0.00    0.76    2.28    0.00    0.00    0.00   90.13
05時24分48秒  all    3.78    0.00    4.53    0.00    0.50    2.02    0.00    0.00    0.00   89.17
05時24分49秒  all    2.53    0.00    3.79    0.00    1.01    1.77    0.00    0.00    0.00   90.91
05時24分50秒  all    3.29    0.00    3.54    0.00    0.51    1.52    0.00    0.00    0.00   91.14
05時24分51秒  all    3.54    0.00    3.03    0.00    1.01    2.27    0.00    0.00    0.00   90.15
05時24分52秒  all    3.55    0.00    4.82    0.00    0.76    2.03    0.00    0.00    0.00   88.83
05時24分53秒  all    2.78    0.00    3.03    0.00    0.76    2.02    0.00    0.00    0.00   91.41
05時24分54秒  all    2.04    0.00    3.05    0.00    0.76    2.04    0.00    0.00    0.00   92.11
05時24分55秒  all    3.02    0.00    3.78    0.00    1.01    1.76    0.00    0.00    0.00   90.43
05時24分56秒  all    4.53    0.00    5.29    0.00    1.01    1.76    0.00    0.00    0.00   87.41
05時24分57秒  all    3.04    0.00    3.29    0.00    0.51    2.03    0.00    0.00    0.00   91.14
05時24分58秒  all    2.51    0.00    3.26    0.00    0.75    2.01    0.00    0.00    0.00   91.48
05時24分59秒  all    3.02    0.00    3.27    0.00    1.01    2.01    0.00    0.00    0.00   90.70
05時25分00秒  all    3.85    0.00    3.85    0.00    0.26    1.54    0.00    0.00    0.00   90.51
05時25分01秒  all    5.01    0.00    4.51    0.00    1.25    2.01    0.00    0.00    0.00   87.22
05時25分02秒  all    2.79    0.00    2.79    0.00    0.51    2.03    0.00    0.00    0.00   91.88
05時25分03秒  all    2.28    0.00    3.04    0.00    1.01    2.03    0.00    0.00    0.00   91.65
05時25分04秒  all    3.80    0.00    4.05    0.00    1.01    1.52    0.00    0.00    0.00   89.62
05時25分05秒  all    1.24    0.00    1.74    0.25    0.00    0.75    0.00    0.00    0.00   96.02
05時25分06秒  all    0.25    0.00    0.00    0.00    0.00    0.25    0.00    0.00    0.00   99.50
05時25分07秒  all    0.00    0.00    0.00    0.00    0.00    0.00    0.00    0.00    0.00  100.00
05時25分08秒  all    0.76    0.00    0.76    0.00    0.00    0.00    0.00    0.00    0.00   98.49
05時25分09秒  all    0.75    0.00    0.75    0.00    0.25    0.25    0.00    0.00    0.00   98.01
平均時間：  all    3.14    0.00    3.53    0.00    0.76    1.83    0.00    0.00    0.00   90.74
