procs -----------memory---------- ---swap-- -----io---- -system-- ------cpu-----
 r  b   swpd   free   buff  cache   si   so    bi    bo   in   cs us sy id wa st
 5  0      0 1091196   1044 10501456    0    0  1082  3386  370  350 29  7 62  2  0
 0  0      0 1092284   1044 10501472    0    0     0   155 5981 8694  2  1 97  0  0
 0  0      0 1092092   1044 10501472    0    0     0    80 4659 7014  2  1 97  0  0
 0  0      0 1090844   1044 10501480    0    0     0   105 6015 8660  3  2 95  0  0
 0  0      0 1091016   1044 10501492    0    0     0    72 5997 8505  3  2 95  0  0
 1  0      0 1090920   1044 10501492    0    0     0    96 4771 7051  2  1 97  0  0
 1  0      0 1090888   1044 10501492    0    0     0    72 5281 7671  2  1 96  0  0
 1  0      0 1090792   1044 10501496    0    0     0    84 5121 7498  2  1 97  0  0
 0  0      0 1090760   1044 10501496    0    0     0    72 5795 8127  2  2 96  0  0
 0  0      0 1090728   1044 10501496    0    0     0   100 5155 7587  2  1 96  0  0
 0  0      0 1090600   1044 10501496    0    0     0    92 5616 8300  2  1 97  0  0
 0  0      0 1091604   1044 10501500    0    0     0   108 5889 8438  2  2 96  0  0
 1  0      0 1091288   1044 10501500    0    0     0    76 5912 8512  2  2 96  0  0
 0  0      0 1091256   1044 10501500    0    0     0    72 4961 7409  2  1 97  0  0
 0  0      0 1091192   1044 10501504    0    0     0   101 5199 7650  2  2 97  0  0
 1  0      0 1091064   1044 10501504    0    0     0    72 5302 7793  2  1 96  0  0
 2  0      0 1090056   1044 10501512    0    0     0    90 6176 8427  3  2 95  0  0
 0  0      0 1090024   1044 10501512    0    0     0    96 5355 7728  2  2 97  0  0
 0  0      0 1090056   1044 10501512    0    0     0    72 5289 7745  2  1 97  0  0
 1  0      0 1090152   1044 10501516    0    0     0    84 5365 7839  2  1 97  0  0
 3  0      0 1090216   1044 10501516    0    0     0    92 5443 7742  2  1 96  0  0
procs -----------memory---------- ---swap-- -----io---- -system-- ------cpu-----
 r  b   swpd   free   buff  cache   si   so    bi    bo   in   cs us sy id wa st
 1  0      0 1091432   1044 10501516    0    0     0    72 5672 8180  2  1 97  0  0
 0  0      0 1091212   1044 10501520    0    0     0   102 5308 8007  2  1 97  0  0
 0  0      0 1091244   1044 10501520    0    0     0   106 5112 7619  2  1 97  0  0
 0  0      0 1091148   1044 10501520    0    0     0    92 5798 8434  2  2 96  0  0
 0  0      0 1091084   1044 10501520    0    0     0    72 4772 7345  2  1 97  0  0
 0  0      0 1091148   1044 10501524    0    0     0    77 5144 7649  2  1 97  0  0
 0  0      0 1091084   1044 10501524    0    0     0    96 5564 8357  2  1 96  0  0
 0  0      0 1091304   1044 10501524    0    0     0   172 5631 8201  2  1 97  0  0
 0  0      0 1091240   1044 10501524    0    0     0    56 5076 7689  2  1 97  0  0
 0  0      0 1091048   1044 10501528    0    0     0   200 6258 9203  3  1 95  0  0
 0  0      0 1089716   1044 10501528    0    0     0   108 5690 8144  2  1 96  0  0
 0  0      0 1089684   1044 10501532    0    0     0   102 5717 8082  2  2 96  0  0
 0  0      0 1089620   1044 10501532    0    0     0   100 5611 8409  2  2 96  0  0
 0  0      0 1089652   1044 10501532    0    0     0    92 5209 7481  2  1 97  0  0
 1  0      0 1089588   1044 10501532    0    0     0    72 5090 7558  2  1 97  0  0
 0  0      0 1089716   1044 10501536    0    0     0    78 6002 8537  2  2 96  0  0
 1  0      0 1089716   1044 10501536    0    0     0   100 5633 8416  2  1 97  0  0
 0  0      0 1089652   1044 10501536    0    0     0    92 5316 7572  2  1 97  0  0
 0  0      0 1089652   1044 10501540    0    0     0    87 5189 7677  2  1 97  0  0
 2  0      0 1089620   1044 10501540    0    0    32    72 5579 8081  2  2 96  0  0
 1  0      0 1089492   1044 10501544    0    0     0    76 5623 8167  2  1 97  0  0
procs -----------memory---------- ---swap-- -----io---- -system-- ------cpu-----
 r  b   swpd   free   buff  cache   si   so    bi    bo   in   cs us sy id wa st
 1  0      0 1089364   1044 10501544    0    0     0   120 5556 8135  2  1 96  0  0
 1  0      0 1089364   1044 10501548    0    0     0   101 5193 7587  2  1 97  0  0
 0  0      0 1089396   1044 10501548    0    0     0    72 5416 7804  2  1 97  0  0
 0  0      0 1089428   1044 10501548    0    0     0    72 5254 7857  2  1 97  0  0
 0  0      0 1089460   1044 10501548    0    0     0    76 5016 7514  2  1 97  0  0
 0  0      0 1089364   1044 10501552    0    0     0   121 5380 7985  2  1 97  0  0
 0  0      0 1089108   1044 10501552    0    0     0    72 6038 8797  2  2 96  0  0
 0  0      0 1089204   1044 10501552    0    0     0   116 5320 7927  2  1 97  0  0
 1  0      0 1089140   1044 10501552    0    0     0    72 5118 7498  2  1 97  0  0
 0  0      0 1089076   1044 10501556    0    0     0   107 5992 8722  2  1 96  0  0
 0  0      0 1088792   1044 10501556    0    0     0    76 5415 7723  2  2 97  0  0
 0  0      0 1088728   1044 10501556    0    0     0    72 4901 7246  1  1 97  0  0
 0  0      0 1088600   1044 10501556    0    0     0    72 4998 7446  2  1 96  0  0
 0  0      0 1088664   1044 10501560    0    0     0    82 5269 7918  2  2 97  0  0
 0  0      0 1088664   1044 10501560    0    0     0    72 5294 7721  2  1 97  0  0
 0  0      0 1088664   1044 10501560    0    0     0   116 5001 7532  2  1 96  0  0
 0  0      0 1088600   1044 10501560    0    0     0   220 5046 7581  2  1 97  0  0
 0  0      0 1088600   1044 10501564    0    0     0    78 4701 7012  2  1 97  0  0
 0  0      0 1087480   1044 10501568    0    0     0   102 4598 6909  2  2 96  0  0
 0  0      0 1086520   1044 10501584    0    0     0   152 4856 7182  2  2 96  0  0
 0  0      0 1086648   1044 10501584    0    0     0    80 3313 5174  2  1 98  0  0
procs -----------memory---------- ---swap-- -----io---- -system-- ------cpu-----
 r  b   swpd   free   buff  cache   si   so    bi    bo   in   cs us sy id wa st
 2  0      0 1086648   1044 10501584    0    0     0    72 3614 5846  1  1 97  0  0
 0  0      0 1086712   1044 10501584    0    0     0    80 4146 6100  2  1 97  0  0
 0  0      0 1086712   1044 10501588    0    0     0    85 3086 5038  1  1 98  0  0
 0  0      0 1086680   1044 10501588    0    0     0    92 3095 4992  1  1 98  0  0
 0  0      0 1086712   1044 10501588    0    0     0   102 3320 5326  1  1 98  0  0
 0  0      0 1086996   1044 10501588    0    0     0    72 3993 5993  1  1 98  0  0
 0  0      0 1087092   1044 10501592    0    0     0   106 3164 5183  1  1 97  0  0
 0  0      0 1087092   1044 10501592    0    0     0    92 3001 4865  1  1 98  0  0
 0  0      0 1087060   1044 10501592    0    0     0    72 4026 6220  1  1 98  0  0
 0  0      0 1086692   1044 10501596    0    0     0   101 3779 5654  2  1 98  0  0
 5  0      0 1087972   1044 10501596    0    0     0    72 23377 20996 15  6 79  0  0
 0  0      0 1089220   1044 10501596    0    0     0   100 44971 56018 25 10 66  0  0
 2  0      0 1089064   1044 10501600    0    0     0    72 37765 52988 18  8 74  0  0
 0  0      0 1063016   1044 10501604    0    0     0    80 42705 53837 22  9 69  0  0
 2  0      0 944448   1044 10501604    0    0     0    96 38810 53238 20 10 70  0  0
 3  0      0 806608   1044 10501604    0    0     0    76 40973 51071 24 11 65  0  0
 0  0      0 805972   1044 10501604    0    0     0    98 36260 49952 19  8 73  0  0
 0  0      0 806324   1044 10501620    0    0     0    78 40005 52297 20  8 71  0  0
 3  0      0 806228   1044 10501624    0    0     0    72 37406 50411 22  9 69  0  0
 2  0      0 804436   1044 10501624    0    0     0   120 38842 53320 19  8 73  0  0
 2  0      0 804564   1044 10501624    0    0     0    96 38601 53399 18  8 74  0  0
procs -----------memory---------- ---swap-- -----io---- -system-- ------cpu-----
 r  b   swpd   free   buff  cache   si   so    bi    bo   in   cs us sy id wa st
 2  0      0 804696   1044 10501628    0    0     0    78 38472 49534 20  8 72  0  0
 4  0      0 805144   1044 10501632    0    0     0    72 37977 49894 22  8 70  0  0
 1  0      0 804280   1044 10501632    0    0     0    72 38965 49847 21  9 69  0  0
 0  0      0 805240   1044 10501632    0    0     0    96 38557 51540 20  9 71  0  0
 2  0      0 804412   1044 10501640    0    0     0   166 39307 52599 24  9 68  0  0
 3  0      0 804160   1044 10501640    0    0     0   116 38770 53217 18  9 73  0  0
 1  0      0 803276   1044 10501648    0    0     0   144 40507 51178 26  9 65  0  0
 1  0      0 803504   1044 10501652    0    0     0   110 37120 51444 21  8 71  0  0
 3  0      0 802864   1044 10501652    0    0     0   100 42259 55243 21  9 70  0  0
 0  0      0 796388   1044 10501652    0    0     0    92 43832 57993 23 10 68  0  0
 0  0      0 796872   1044 10501656    0    0     0    78 39124 53473 20  9 71  0  0
 2  0      0 796520   1044 10501660    0    0     0    96 37622 51288 20  9 71  0  0
 0  0      0 796072   1044 10501660    0    0     0    72 42355 53041 24  9 67  0  0
 3  0      0 795788   1044 10501660    0    0     0   109 39903 56323 20  8 72  0  0
 3  0      0 795788   1044 10501664    0    0     0    77 38286 52260 20  9 71  0  0
 0  0      0 810280   1044 10501668    0    0     0    72 36595 46053 27  8 65  0  0
 0  0      0 809892   1044 10501700    0    0     0    72 40331 52502 22  9 69  0  0
 0  0      0 810376   1044 10501700    0    0     0    72 38471 51844 22  8 69  0  0
 2  0      0 810088   1044 10501704    0    0     0    90 36433 51012 18  8 74  0  0
 4  0      0 809504   1044 10501708    0    0     0    92 42870 54954 22  9 69  0  0
 0  0      0 809636   1044 10501708    0    0     0    72 41118 56525 22  9 70  0  0
procs -----------memory---------- ---swap-- -----io---- -system-- ------cpu-----
 r  b   swpd   free   buff  cache   si   so    bi    bo   in   cs us sy id wa st
 2  0      0 809028   1044 10501716    0    0     0   120 37126 52353 21  8 71  0  0
 1  0      0 809060   1044 10501720    0    0     0    79 40260 50955 23  9 68  0  0
 2  0      0 809540   1044 10501720    0    0     0   120 40658 55669 22  9 69  0  0
 0  0      0 809060   1044 10501720    0    0     0    96 40015 54238 25  8 67  0  0
 3  0      0 808964   1044 10501720    0    0     0   125 40825 56852 20  9 71  0  0
 3  0      0 808172   1044 10501728    0    0     0   126 40673 55422 22  8 70  0  0
 1  0      0 807920   1044 10501728    0    0     0    72 39721 55345 21  9 70  0  0
 1  0      0 808656   1044 10501728    0    0     0    80 40656 55638 21  8 70  0  0
 0  0      0 808008   1044 10501732    0    0     0    99 41214 57293 19  9 72  0  0
 1  0      0 808136   1044 10501732    0    0     0    72 37282 52012 19  8 73  0  0
 2  0      0 808072   1044 10501736    0    0     0    72 39906 53275 20 10 70  0  0
 0  0      0 807724   1044 10501736    0    0     0    76 39488 53788 21  9 69  0  0
 0  0      0 807440   1044 10501740    0    0     0   102 39285 53112 21  8 71  0  0
 2  0      0 802380   1044 10501740    0    0     0   197 36222 48846 24  8 69  0  0
 0  0      0 801464   1044 10501744    0    0     0    72 39575 51813 21  8 71  0  0
 4  0      0 800984   1044 10501748    0    0     0   128 39554 54402 21  9 70  0  0
 0  0      0 798780   1044 10501760    0    0     0   132 38833 52001 23  9 68  0  0
 0  0      0 798080   1044 10501776    0    0     0   120 39929 52188 22  8 70  0  0
 0  0      0 793488   1044 10501780    0    0     0    82 38664 54859 17  8 75  0  0
 1  0      0 793944   1044 10501784    0    0     0    72 41534 52719 23  9 67  0  0
 1  0      0 793660   1044 10501784    0    0     0    80 40903 55047 22  9 68  0  0
procs -----------memory---------- ---swap-- -----io---- -system-- ------cpu-----
 r  b   swpd   free   buff  cache   si   so    bi    bo   in   cs us sy id wa st
 2  0      0 793500   1044 10501784    0    0     0    98 36839 50532 21  8 71  0  0
 3  0      0 794108   1044 10501788    0    0     0   102 37455 50108 20  9 71  0  0
 3  0      0 793628   1044 10501792    0    0     0    76 35629 44805 24  8 68  0  0
 0  0      0 792924   1044 10501792    0    0     0   136 42005 55478 19  9 72  0  0
 0  0      0 793980   1044 10501796    0    0     0    59 39655 54581 20  9 71  0  0
 1  0      0 793596   1044 10501796    0    0     0    92 41184 54462 23  9 68  0  0
 2  0      0 793852   1044 10501800    0    0     0    96 39064 53331 21  8 70  0  0
 5  0      0 792320   1044 10501800    0    0     0    76 43504 58418 21  8 70  0  0
 1  0      0 791108   1044 10501804    0    0     0    78 38112 52823 19  8 73  0  0
 3  0      0 791776   1044 10501804    0    0     0    92 40298 53208 20  9 70  0  0
 2  0      0 792064   1044 10501808    0    0     0   100 39150 52583 23  9 68  0  0
 4  0      0 792128   1044 10501808    0    0     0    96 40663 56372 20  8 71  0  0
 1  0      0 768784   1044 10501812    0    0     0    84 37214 50534 24  9 67  0  0
 0  0      0 768440   1044 10501828    0    0     0    92 39295 52164 21  8 71  0  0
 4  0      0 767896   1044 10501868    0    0     0    72 41889 55744 20  9 71  0  0
 0  0      0 768184   1044 10501868    0    0     0    72 38012 52373 21  8 71  0  0
 1  0      0 767928   1044 10501872    0    0     0   130 39814 53328 21  9 70  0  0
 2  0      0 767644   1044 10501872    0    0     0    72 41183 56234 21  9 70  0  0
 3  0      0 767900   1044 10501872    0    0     0    92 40813 56104 21  9 70  0  0
 2  0      0 768348   1044 10501876    0    0     0    72 38469 51345 23  9 68  0  0
 0  0      0 767580   1044 10501880    0    0     0    78 39768 53341 22  9 70  0  0
procs -----------memory---------- ---swap-- -----io---- -system-- ------cpu-----
 r  b   swpd   free   buff  cache   si   so    bi    bo   in   cs us sy id wa st
 2  0      0 767228   1044 10501880    0    0     0   100 38442 49735 28  8 64  0  0
 5  0      0 767836   1044 10501880    0    0     0   241 37441 53467 17  8 75  0  0
 2  0      0 768028   1044 10501880    0    0     0   102 42291 56190 19 10 71  0  0
 1  0      0 768220   1044 10501888    0    0     0   147 37050 52066 18  8 74  0  0
 1  0      0 768124   1044 10501888    0    0     0   103 41181 52206 24  9 66  0  0
 0  0      0 768220   1044 10501892    0    0     0   126 40210 55248 20  8 71  0  0
 2  0      0 767236   1044 10501892    0    0     0    72 41935 57749 20  7 72  0  0
 0  0      0 767272   1044 10501892    0    0     0    72 39743 54931 21  8 71  0  0
 0  0      0 766572   1044 10501896    0    0     0    72 38781 51351 22  8 70  0  0
 2  0      0 767148   1044 10501900    0    0     0   176 39540 53369 21  9 70  0  0
 1  0      0 767024   1044 10501900    0    0     0    96 39911 55954 21  8 71  0  0
 3  0      0 783592   1044 10501900    0    0     0    72 35088 47701 22  8 70  0  0
 1  0      0 783244   1044 10501904    0    0     0    72 41407 53913 20  8 72  0  0
 4  0      0 783244   1044 10501908    0    0     0    85 39737 53880 20  8 71  0  0
 0  0      0 782604   1044 10501908    0    0     0    96 39793 53920 21  9 70  0  0
 2  0      0 783308   1044 10501908    0    0     0   100 38219 51835 22  8 70  0  0
 0  0      0 783272   1044 10501908    0    0     0    72 41190 57766 20  9 71  0  0
 3  0      0 783240   1044 10501916    0    0     0    78 40869 55735 21  9 70  0  0
 3  1      0 782796   1044 10501916    0    0     0    92 38335 54283 19  8 73  0  0
 2  0      0 782288   1044 10501916    0    0     0    88 38603 51900 20  8 72  0  0
 1  0      0 782640   1044 10501916    0    0     0    96 38877 49113 27  9 65  0  0
procs -----------memory---------- ---swap-- -----io---- -system-- ------cpu-----
 r  b   swpd   free   buff  cache   si   so    bi    bo   in   cs us sy id wa st
 2  0      0 782512   1044 10501920    0    0     0   108 41692 56987 20  8 73  0  0
 4  0      0 782672   1044 10501928    0    0     0   118 42879 58764 20  9 71  0  0
 2  0      0 782892   1044 10501928    0    0     0    92 42760 58404 22  9 70  0  0
 3  0      0 782260   1044 10501928    0    0     0    78 37269 51846 19  8 73  0  0
 1  0      0 783436   1044 10501932    0    0     0    96 42911 53147 24 10 66  0  0
 4  0      0 783432   1044 10501932    0    0     0    72 41454 56977 20  8 72  0  0
 0  0      0 783144   1044 10501936    0    0     0    96 38318 52193 20  8 71  0  0
 5  0      0 782480   1044 10501940    0    0     0    78 36253 48301 22  8 70  0  0
 0  0      0 782516   1044 10501948    0    0     0    72 38576 49532 22  9 69  0  0
 0  0      0 782096   1044 10501948    0    0     0    96 41092 56043 21  9 70  0  0
 5  0      0 764628   1044 10501948    0    0     0    76 37784 51861 23  8 69  0  0
 2  0      0 764500   1044 10501952    0    0     0   168 40619 56489 20  8 72  0  0
 2  0      0 764660   1044 10501956    0    0     0   136 38396 52789 21  9 71  0  0
 5  0      0 762900   1044 10501968    0    0     0   145 39090 51813 22  9 69  0  0
 3  0      0 762292   1044 10501968    0    0     0   120 35982 49705 18  8 74  0  0
 0  0      0 761460   1044 10502004    0    0     0    76 37036 48367 21  8 71  0  0
 0  0      0 762676   1044 10502028    0    0     0   102 40191 52447 20  9 70  0  0
 2  0      0 762324   1044 10502032    0    0     0    78 37666 53227 19  7 74  0  0
 0  0      0 762004   1044 10502032    0    0     0    72 41430 52642 23 10 66  0  0
 4  0      0 760988   1044 10502052    0    0     0    96 35057 48809 20  7 73  0  0
 4  0      0 761400   1044 10502060    0    0     0    87 39500 48794 27  9 64  0  0
procs -----------memory---------- ---swap-- -----io---- -system-- ------cpu-----
 r  b   swpd   free   buff  cache   si   so    bi    bo   in   cs us sy id wa st
 6  0      0 761784   1044 10502060    0    0     0    96 40886 55350 20  8 72  0  0
 1  0      0 761688   1044 10502072    0    0     0    92 38308 51736 22  8 70  0  0
 4  0      0 761688   1044 10502076    0    0     0    72 37959 51043 21  8 71  0  0
 2  0      0 761656   1044 10502088    0    0     0   106 42275 55919 22  9 70  0  0
 2  0      0 761880   1044 10502088    0    0     0    92 41112 56245 21  9 70  0  0
 1  0      0 761408   1044 10502096    0    0     0    94 36810 51147 20  8 72  0  0
 4  0      0 760964   1044 10502096    0    0     0    72 42636 54523 24 10 66  0  0
 2  0      0 760996   1044 10502100    0    0     0   109 38700 52341 21  8 71  0  0
 2  0      0 761156   1044 10502104    0    0     0   108 40058 53946 21  9 70  0  0
 2  0      0 747356   1044 10502104    0    0     0    72 36167 50048 23  7 70  0  0
 7  0      0 746688   1044 10502104    0    0     0    72 40022 52477 21  8 71  0  0
 2  0      0 747168   1044 10502108    0    0     0    82 37522 49423 19  8 73  0  0
 2  0      0 746372   1044 10502112    0    0     0    72 40690 52497 24  9 67  0  0
 4  0      0 746788   1044 10502112    0    0     0   108 39707 54238 20  8 72  0  0
 1  0      0 746984   1044 10502112    0    0     0    92 40164 53877 21  9 70  0  0
 2  0      0 746824   1044 10502128    0    0     0    79 39314 52970 23  8 69  0  0
 0  0      0 746664   1044 10502128    0    0     0    76 36204 50481 19  8 73  0  0
 0  0      0 746344   1044 10502128    0    0     0    92 40887 54143 21 10 69  0  0
 3  0      0 746920   1044 10502128    0    0     0   192 36585 49558 24  8 68  0  0
 1  0      0 747396   1044 10502136    0    0     0   108 41034 56451 19  9 72  0  0
 0  0      0 746948   1044 10502136    0    0     0   201 41252 56632 19  8 73  0  0
procs -----------memory---------- ---swap-- -----io---- -system-- ------cpu-----
 r  b   swpd   free   buff  cache   si   so    bi    bo   in   cs us sy id wa st
 2  0      0 746636   1044 10502152    0    0     0   142 38682 53286 21  8 71  0  0
 2  0      0 745936   1044 10502152    0    0     0   144 41255 55526 22  9 69  0  0
 1  0      0 746224   1044 10502152    0    0     0   116 40355 55169 20  8 71  0  0
 2  0      0 746000   1044 10502156    0    0     0    72 42722 58062 21  9 70  0  0
 5  0      0 746864   1044 10502160    0    0     0    99 36511 50241 20  8 72  0  0
 1  0      0 746196   1044 10502196    0    0     0   103 38605 49768 22  8 70  0  0
 1  0      0 746324   1044 10502224    0    0     0    72 37711 49622 22  8 70  0  0
 0  0      0 746100   1044 10502240    0    0     0    96 37615 50875 22  8 70  0  0
 1  0      0 729968   1044 10502244    0    0     0    82 34709 47940 22  8 70  0  0
 3  0      0 730160   1044 10502244    0    0     0    92 40656 51838 23  9 68  0  0
 1  0      0 729684   1044 10502248    0    0     0    72 41360 55032 23  9 68  0  0
 3  0      0 729780   1044 10502248    0    0     0    72 39595 53283 20  9 70  0  0
 2  0      0 730448   1044 10502252    0    0     0   102 38991 52173 22  8 70  0  0
 2  0      0 730480   1044 10502252    0    0     0    80 39602 55841 20  9 72  0  0
 1  0      0 730256   1044 10502252    0    0     0    72 41440 56298 22  9 69  0  0
 3  0      0 730352   1044 10502252    0    0     0    92 35523 49499 19  8 73  0  0
 1  0      0 730160   1044 10502260    0    0     0    85 39243 52145 21  9 70  0  0
 2  0      0 730960   1044 10502260    0    0     0    96 33628 43161 25  8 66  0  0
 1  0      0 730448   1044 10502284    0    0     0   128 42550 55543 21  9 69  0  0
 0  0      0 730736   1044 10502284    0    0     0   102 39814 53734 21  9 70  0  0
 2  0      0 730352   1044 10502288    0    0     0    96 42351 56582 23  9 68  0  0
procs -----------memory---------- ---swap-- -----io---- -system-- ------cpu-----
 r  b   swpd   free   buff  cache   si   so    bi    bo   in   cs us sy id wa st
 2  0      0 730452   1044 10502316    0    0     0    72 34055 46240 20  8 72  0  0
 1  0      0 729432   1044 10502332    0    0     0   100 41796 53818 22  9 68  0  0
 0  0      0 730292   1044 10502336    0    0     0    78 37136 49996 20  8 73  0  0
 0  0      0 729972   1044 10502336    0    0     0    92 39154 52914 22  8 70  0  0
 1  0      0 729204   1044 10502344    0    0     0    72 36832 47997 22  9 68  0  0
 2  0      0 729876   1044 10502344    0    0     0    72 38194 52424 20  9 71  0  0
 5  0      0 730068   1044 10502348    0    0     0   132 39828 51515 23  9 68  0  0
 0  0      0 730484   1044 10502348    0    0     0    72 37297 47852 27  8 64  0  0
 1  0      0 729496   1044 10502380    0    0     0   172 38393 51746 20  9 71  0  0
 2  0      0 729876   1044 10502424    0    0     0   378 36418 49746 19  8 73  0  0
 1  0      0 728504   1044 10502460    0    0     0   132 39363 49606 23 10 67  0  0
 1  0      0 728280   1044 10502468    0    0     0   110 38894 51596 21  9 70  0  0
 4  0      0 728624   1044 10502472    0    0     0   356 38244 51792 20  8 72  0  0
 4  0      0 729072   1044 10502484    0    0     0    72 36616 49141 18  9 73  0  0
 4  0      0 729584   1044 10502484    0    0     0    72 36967 48384 21  8 71  0  0
 1  0      0 729968   1044 10502488    0    0     0    83 38453 49019 24  9 67  0  0
 5  0      0 729872   1044 10502516    0    0     0   116 35419 46652 26  8 66  0  0
 2  0      0 728752   1044 10502516    0    0     0    72 37983 53531 17  9 74  0  0
 2  0      0 729456   1044 10502516    0    0     0    76 37178 51828 18  7 75  0  0
 1  0      0 729520   1044 10502520    0    0     0   106 41249 53468 22  9 68  0  0
 2  0      0 728536   1044 10502524    0    0     0    92 37694 49912 22  9 69  0  0
procs -----------memory---------- ---swap-- -----io---- -system-- ------cpu-----
 r  b   swpd   free   buff  cache   si   so    bi    bo   in   cs us sy id wa st
 1  0      0 729240   1044 10502524    0    0     0    76 40032 53665 22  9 70  0  0
 1  0      0 728760   1044 10502524    0    0     0    72 38074 52916 17  8 74  0  0
 0  0      0 728856   1044 10502528    0    0     0    82 42402 54824 22  9 69  0  0
 1  0      0 728568   1044 10502532    0    0     0    76 35926 47932 20  9 71  0  0
 0  0      0 728840   1044 10502532    0    0     0    92 39572 51513 22  9 69  0  0
 3  0      0 729096   1044 10502532    0    0     0    96 39309 52895 22  8 69  0  0
 1  0      0 729764   1044 10502536    0    0     0   142 39346 51762 26  9 64  0  0
 0  0      0 729732   1044 10502536    0    0     0    72 37811 51625 22  8 70  0  0
 1  0      0 729796   1044 10502536    0    0     0    76 40549 55548 19  9 72  0  0
 3  0      0 729764   1044 10502540    0    0     0    98 38284 53402 19  8 73  0  0
 0  0      0 728872   1044 10502540    0    0     0   100 40006 54584 19  8 73  0  0
 1  0      0 729112   1044 10502544    0    0     0    76 37848 49289 21  9 70  0  0
 1  0      0 729432   1044 10502544    0    0     0    76 39409 51927 22  9 69  0  0
 6  0      0 729016   1044 10502548    0    0     0    78 38963 53803 21  9 70  0  0
 2  0      0 729784   1044 10502548    0    0     0    92 37437 49710 22  8 70  0  0
 4  0      0 728040   1044 10502552    0    0     0    96 38770 51475 21  8 70  0  0
 2  0      0 728324   1044 10502552    0    0     0    72 38211 50674 24  9 68  0  0
 0  0      0 727652   1044 10502556    0    0     0   246 38253 52227 20  8 73  0  0
 2  0      0 727656   1044 10502556    0    0     0   176 40362 54323 22 10 68  0  0
 0  0      0 727976   1044 10502560    0    0     0   115 38691 54025 21  8 71  0  0
 3  0      0 727944   1044 10502560    0    0     0    96 40426 55346 20  8 72  0  0
procs -----------memory---------- ---swap-- -----io---- -system-- ------cpu-----
 r  b   swpd   free   buff  cache   si   so    bi    bo   in   cs us sy id wa st
 5  0      0 728164   1044 10502564    0    0     0    76 40188 54110 21  9 70  0  0
 3  0      0 728068   1044 10502572    0    0     0   140 35660 48870 21  8 72  0  0
 4  0      0 728324   1044 10502592    0    0     0    81 37342 47357 23  9 68  0  0
 2  0      0 728132   1044 10502592    0    0     0    72 38224 51552 20 10 71  0  0
 1  0      0 727752   1044 10502596    0    0     0   100 36234 49649 18  8 74  0  0
 0  0      0 727556   1044 10502596    0    0     0    79 41780 53870 23  9 68  0  0
 5  0      0 727972   1044 10502600    0    0     0   120 35870 49343 18  7 75  0  0
 0  0      0 721008   1044 10502600    0    0     0    72 38656 49706 26  9 66  0  0
 0  0      0 720948   1044 10502600    0    0     0    80 40036 54306 20  9 71  0  0
11  1      0 720692   1044 10502608    0    0     0   114 36900 50108 21  8 70  0  0
 0  0      0 720984   1044 10502620    0    0     0   110 40255 53447 22  8 70  0  0
 3  0      0 720920   1044 10502620    0    0     0    72 40563 55403 20  9 70  0  0
 3  0      0 720760   1044 10502620    0    0     0    72 35883 48257 21  8 71  0  0
 2  0      0 719996   1044 10502620    0    0     0   102 38055 49897 21  8 70  0  0
 0  0      0 720732   1044 10502628    0    0     0    76 38909 51166 21  9 70  0  0
 4  0      0 721152   1044 10502628    0    0     0    92 41503 55931 19  9 72  0  0
 1  0      0 720960   1044 10502628    0    0     0   127 34762 46279 25  8 67  0  0
 3  0      0 721344   1044 10502632    0    0     0   110 36228 48489 22  9 69  0  0
 3  0      0 720736   1044 10502636    0    0     0    96 37628 50377 20  8 72  0  0
 2  0      0 720100   1044 10502644    0    0     0    96 38962 49065 23  9 68  0  0
 3  0      0 721184   1044 10502644    0    0     0    72 38534 52466 20  9 71  0  0
procs -----------memory---------- ---swap-- -----io---- -system-- ------cpu-----
 r  b   swpd   free   buff  cache   si   so    bi    bo   in   cs us sy id wa st
 4  0      0 720384   1044 10502648    0    0     0    78 41120 54095 24 10 66  0  0
 0  0      0 720644   1044 10502648    0    0     0    76 35174 47338 21  9 70  0  0
 2  0      0 720100   1044 10502652    0    0     0    92 38666 49260 25  9 66  0  0
 5  0      0 720040   1044 10502652    0    0     0    96 38281 52584 21  9 70  0  0
 1  0      0 720324   1044 10502656    0    0     0    79 37245 50633 20  8 72  0  0
 0  0      0 719972   1044 10502656    0    0     0   213 39462 50079 23  9 68  0  0
14  0      0 713576   1044 10502704    0    0     0   111 35975 46837 23  8 69  0  0
 4  0      0 713028   1044 10502716    0    0     0   134 33531 43381 24  9 67  0  0
 1  0      0 712324   1044 10502716    0    0     0   100 40321 52532 23  8 69  0  0
 1  0      0 712464   1044 10502724    0    0     0    82 39089 52898 20  8 72  0  0
 0  0      0 714756   1044 10502720    0    0     0   164 39935 55281 19  9 72  0  0
