procs -----------memory---------- ---swap-- -----io---- -system-- ------cpu-----
 r  b   swpd   free   buff  cache   si   so    bi    bo   in   cs us sy id wa st
 7  0   2560 905064   5796 6598876    0    0     0     1    0    0  0  0 100  0  0
 0  0   2560 884232   5796 6598920    0    0     0     0 33588 32929  5  7 88  0  0
 0  0   2560 882408   5796 6598920    0    0     0     0 33307 35965  3  6 91  0  0
 0  0   2560 882216   5796 6598920    0    0     0     0 33469 35876  3  6 91  0  0
 0  0   2560 881828   5796 6598920    0    0     0     0 35829 38618  3  6 91  0  0
 1  0   2560 881436   5796 6598920    0    0     0     0 34989 37845  3  7 91  0  0
 1  0   2560 881844   5796 6598920    0    0     0     0 35488 38388  3  7 90  0  0
 1  0   2560 881324   5796 6598920    0    0     0     0 33439 36481  3  6 91  0  0
 0  0   2560 880868   5796 6598920    0    0     0     0 33780 36094  3  6 91  0  0
 1  0   2560 881140   5796 6598920    0    0     0     0 29462 31887  2  5 93  0  0
 0  0   2560 881388   5796 6598920    0    0     0     0 34570 36397  3  6 91  0  0
 0  0   2560 881312   5796 6598924    0    0     0     0 35212 37474  3  7 90  0  0
 0  0   2560 880808   5796 6598924    0    0     0     0 35014 38098  3  6 90  0  0
 1  0   2560 881456   5796 6598924    0    0     0     0 34435 37179  3  7 90  0  0
 1  0   2560 881032   5796 6598932    0    0     0     0 34263 37059  3  5 92  0  0
 1  0   2560 880972   5796 6598936    0    0     0     0 35526 37833  3  6 91  0  0
 0  0   2560 881256   5796 6598940    0    0     0     0 33660 36567  3  6 91  0  0
 0  0   2560 881348   5796 6598940    0    0     0     0 33268 35864  3  6 91  0  0
 0  0   2560 881216   5796 6598940    0    0     0     0 33980 36979  3  5 92  0  0
 0  0   2560 880844   5796 6598940    0    0     0    44 35815 38346  3  6 91  0  0
 0  0   2560 881296   5796 6598940    0    0     0     0 31639 34374  2  6 92  0  0
procs -----------memory---------- ---swap-- -----io---- -system-- ------cpu-----
 r  b   swpd   free   buff  cache   si   so    bi    bo   in   cs us sy id wa st
 1  0   2560 881120   5796 6598944    0    0     0     0 34251 36709  3  7 91  0  0
 3  0   2560 881152   5796 6598944    0    0     0     0 35729 38398  3  7 91  0  0
 0  0   2560 880540   5796 6598944    0    0     0     0 35363 38647  3  6 91  0  0
 0  0   2560 880980   5796 6598944    0    0     0     0 35576 38828  3  6 92  0  0
 1  0   2560 881304   5796 6598944    0    0     0     0 33504 36925  2  6 92  0  0
 1  0   2560 880900   5796 6598944    0    0     0     0 36060 38595  3  6 91  0  0
 1  0   2560 856648   5796 6598948    0    0     0   109 34054 37221  5  6 89  0  0
 0  0   2560 856832   5796 6598952    0    0     0     0 35075 38117  3  6 91  0  0
 1  0   2560 857068   5796 6598952    0    0     0     0 34334 37011  3  6 91  0  0
 0  0   2560 856568   5796 6598952    0    0     0     0 34326 36434  3  6 91  0  0
 1  0   2560 856840   5796 6598956    0    0     0     0 33899 36335  3  7 90  0  0
 0  0   2560 856568   5796 6598956    0    0     0     0 25808 27912  2  5 93  0  0
 0  0   2560 857664   5796 6598960    0    0     0     0 27425 30052  2  5 93  0  0
 0  0   2560 857200   5796 6598960    0    0     0    76 34750 36823  3  6 91  0  0
 1  0   2560 856600   5796 6598960    0    0     0     0 35928 38486  3  6 91  0  0
 0  0   2560 855392   5796 6598960    0    0     0     0 32603 35346  3  6 92  0  0
 0  0   2560 856052   5796 6598960    0    0     0     0 35841 38190  3  6 91  0  0
 0  0   2560 855496   5796 6598960    0    0     0     0 35584 38784  3  6 92  0  0
 1  0   2560 855824   5796 6598960    0    0     0     0 35937 38991  3  6 91  0  0
 1  0   2560 855820   5796 6598976    0    0     0     0 34590 37810  3  6 91  0  0
 1  0   2560 855044   5796 6598976    0    0     0     0 34684 37401  3  6 91  0  0
procs -----------memory---------- ---swap-- -----io---- -system-- ------cpu-----
 r  b   swpd   free   buff  cache   si   so    bi    bo   in   cs us sy id wa st
 1  0   2560 855936   5796 6598980    0    0     0     0 36081 38580  3  6 91  0  0
 0  0   2560 855572   5796 6598984    0    0     0     0 31220 34182  2  6 92  0  0
 0  0   2560 855764   5796 6598988    0    0     0     0 33804 35997  3  5 92  0  0
 0  0   2560 879680   5796 6598992    0    0     0   272 35127 37606  9  8 84  0  0
 0  0   2560 879720   5796 6598992    0    0     0     0 36682 39692  3  6 91  0  0
 2  0   2560 880132   5796 6598992    0    0     0     0 34035 37160  3  7 90  0  0
 0  0   2560 879160   5796 6598992    0    0     0     0 35670 38350  3  6 92  0  0
 0  0   2560 879708   5796 6598992    0    0     0     0 35959 39225  2  6 92  0  0
 0  0   2560 880048   5796 6598992    0    0     0     0 36411 39360  3  6 91  0  0
 1  0   2560 880176   5796 6598996    0    0     0     0 33936 36907  3  6 92  0  0
 1  0   2560 880004   5796 6599000    0    0     0     0 36202 39249  3  6 91  0  0
 0  0   2560 879864   5796 6599008    0    0     0     0 35885 39098  3  6 92  0  0
 1  0   2560 879192   5796 6599008    0    0     0     0 32438 35489  2  5 93  0  0
 2  0   2560 879724   5796 6599008    0    0     0     0 28387 30760  2  5 93  0  0
 1  0   2560 879588   5796 6599008    0    0     0     0 27959 29799  2  5 93  0  0
 0  0   2560 879764   5796 6599008    0    0     0     0 30974 33026  2  6 92  0  0
 0  0   2560 879492   5796 6599008    0    0     0   129 30890 33886  2  5 93  0  0
 2  0   2560 879328   5796 6599008    0    0     0     0 27631 30431  2  4 94  0  0
 0  0   2560 879740   5796 6599012    0    0     0     8 33008 35091  3  7 90  0  0
 0  0   2560 879572   5796 6599012    0    0     0     0 32352 35014  3  6 91  0  0
 1  0   2560 879928   5796 6599012    0    0     0     0 32524 35271  3  6 91  0  0
procs -----------memory---------- ---swap-- -----io---- -system-- ------cpu-----
 r  b   swpd   free   buff  cache   si   so    bi    bo   in   cs us sy id wa st
 0  0   2560 879720   5796 6599012    0    0     0     0 31280 34187  3  5 92  0  0
 2  0   2560 879836   5796 6599016    0    0     0     0 34387 37216  2  6 92  0  0
 2  0   2560 879908   5796 6599024    0    0     0    44 35008 37293  2  6 92  0  0
 0  0   2560 879532   5796 6599024    0    0     0     0 35451 38523  3  6 91  0  0
 1  0   2560 879724   5796 6599024    0    0     0     0 32073 34940  2  6 92  0  0
 0  0   2560 879944   5796 6599024    0    0     0     0 36515 39040  3  6 91  0  0
 0  0   2560 879488   5796 6599024    0    0     0     0 35924 39754  3  6 91  0  0
 3  0   2560 879636   5796 6599024    0    0     0    48 32267 35462  3  6 91  0  0
 0  0   2560 880300   5796 6599024    0    0     0     0 35647 38438  3  6 91  0  0
 1  0   2560 880124   5796 6599024    0    0     0     0 36161 39054  3  7 90  0  0
 0  0   2560 879476   5796 6599024    0    0     0     0 36026 38706  3  6 91  0  0
 0  0   2560 879468   5796 6599024    0    0     0     0 33268 36099  3  6 91  0  0
 1  0   2560 879868   5796 6599028    0    0     0    44 37044 39251  3  7 90  0  0
 0  0   2560 879408   5796 6599032    0    0     0     0 36502 39268  3  6 91  0  0
 0  0   2560 879736   5796 6599032    0    0     0     0 35781 38615  3  6 91  0  0
 0  0   2560 879324   5796 6599040    0    0     0     0 32509 35387  3  6 92  0  0
 0  0   2560 879768   5796 6599040    0    0     0     0 27724 30044  2  4 93  0  0
 0  0   2560 879888   5796 6599044    0    0     0     4 29976 31643  3  6 92  0  0
 0  0   2560 879380   5796 6599048    0    0     0     0 29204 31193  3  6 91  0  0
 1  0   2560 879560   5796 6599048    0    0     0     0 26631 28495  3  5 92  0  0
 1  0   2560 880072   5796 6599048    0    0     0     0 28109 30143  2  5 93  0  0
procs -----------memory---------- ---swap-- -----io---- -system-- ------cpu-----
 r  b   swpd   free   buff  cache   si   so    bi    bo   in   cs us sy id wa st
 1  0   2560 879944   5796 6599048    0    0     0     0 32074 33754  2  6 92  0  0
 0  0   2560 879732   5796 6599048    0    0     0     0 36710 39063  3  6 91  0  0
 0  0   2560 879948   5796 6599052    0    0     0     0 34392 37043  3  6 91  0  0
 1  0   2560 855088   5796 6599052    0    0     0     4 34573 37040  5  7 88  0  0
 0  0   2560 855388   5796 6599060    0    0     0    70 35065 37887  3  6 91  0  0
 0  0   2560 855448   5796 6599064    0    0     0     0 36166 38582  2  6 92  0  0
 0  0   2560 855412   5796 6599064    0    0     0     0 34029 36857  3  6 92  0  0
 0  0   2560 854980   5796 6599076    0    0     0     0 31521 34563  3  6 91  0  0
 0  0   2560 855304   5796 6599076    0    0     0     0 31043 33454  3  6 91  0  0
 0  0   2560 855316   5796 6599076    0    0     0     0 33266 36335  3  6 91  0  0
 0  0   2560 854824   5796 6599076    0    0     0     0 34294 37282  3  6 92  0  0
 0  0   2560 855036   5796 6599080    0    0     0    44 35078 37493  2  6 92  0  0
 2  0   2560 855368   5796 6599080    0    0     0     0 35934 38842  3  6 91  0  0
 0  0   2560 855020   5796 6599080    0    0     0     0 33721 36769  4  6 90  0  0
 0  0   2560 855844   5796 6599080    0    0     0     0 34894 37447  3  6 91  0  0
 0  0   2560 855148   5796 6599080    0    0     0     0 35655 38521  3  6 92  0  0
 0  0   2560 855208   5796 6599080    0    0     0     0 36798 39707  3  7 90  0  0
 1  0   2560 855484   5796 6599080    0    0     0    44 32773 35467  3  6 91  0  0
 1  0   2560 855432   5796 6599080    0    0     0     0 34607 36862  2  6 92  0  0
 0  0   2560 855452   5796 6599084    0    0     0     0 30991 32948  3  5 92  0  0
 0  0   2560 855272   5796 6599088    0    0     0     0 33800 36026  2  6 92  0  0
procs -----------memory---------- ---swap-- -----io---- -system-- ------cpu-----
 r  b   swpd   free   buff  cache   si   so    bi    bo   in   cs us sy id wa st
 1  0   2560 877408   5796 6599092    0    0     0   112 36762 39437  6  7 87  0  0
 0  0   2560 879388   5796 6599096    0    0     0   160 34766 38227  6  7 87  0  0
 0  0   2560 879372   5796 6599096    0    0     0     0 35976 39081  3  6 92  0  0
 0  0   2560 879320   5796 6599096    0    0     0     0 31886 34776  3  6 91  0  0
 1  0   2560 879284   5796 6599096    0    0     0     0 37095 39654  3  6 91  0  0
 1  0   2560 879368   5796 6599096    0    0     0     0 35597 38229  3  6 91  0  0
 0  0   2560 879264   5796 6599096    0    0     0   104 34790 37767  3  6 91  0  0
 1  0   2560 879716   5796 6599096    0    0     0     0 34678 37367  3  7 91  0  0
 1  0   2560 879824   5796 6599096    0    0     0     0 37056 39827  3  7 90  0  0
 0  0   2560 879632   5796 6599096    0    0     0     0 36429 39533  2  6 92  0  0
 0  0   2560 879588   5796 6599096    0    0     0     0 26947 29221  2  5 93  0  0
 0  0   2560 879584   5796 6599100    0    0     0     0 30702 32629  3  5 92  0  0
 0  0   2560 879884   5796 6599108    0    0     0     0 33518 36081  3  6 92  0  0
 0  0   2560 879708   5796 6599108    0    0     0    35 31127 33835  3  5 92  0  0
 0  0   2560 879596   5796 6599112    0    0     0     0 28018 30286  2  5 93  0  0
 0  0   2560 879624   5796 6599116    0    0     0     0 32696 34926  3  6 91  0  0
 0  0   2560 878716   5796 6599120    0    0     0     0 31821 34171  4  6 91  0  0
 1  0   2560 879672   5796 6599120    0    0     0     0 34619 37507  3  7 91  0  0
 0  0   2560 879124   5796 6599120    0    0     0     0 32939 35459  3  6 91  0  0
 1  0   2560 879876   5796 6599120    0    0     0     0 34023 36760  2  6 92  0  0
 1  0   2560 879488   5796 6599120    0    0     0     0 34990 37460  3  6 91  0  0
procs -----------memory---------- ---swap-- -----io---- -system-- ------cpu-----
 r  b   swpd   free   buff  cache   si   so    bi    bo   in   cs us sy id wa st
 1  0   2560 879268   5796 6599120    0    0     0     0 36212 39000  3  7 90  0  0
 0  0   2560 879736   5796 6599124    0    0     0     0 28169 30577  3  6 92  0  0
 1  0   2560 879528   5796 6599124    0    0     0     0 36846 38765  3  6 92  0  0
 0  0   2560 879456   5796 6599128    0    0     0     0 36916 39352  3  6 91  0  0
 0  0   2560 879428   5796 6599128    0    0     0     0 35474 38588  3  7 90  0  0
 1  0   2560 879712   5796 6599136    0    0     0     0 32903 35194  3  6 91  0  0
 0  0   2560 879576   5796 6599136    0    0     0     0 32945 35958  3  6 92  0  0
 0  0   2560 879900   5796 6599140    0    0     0     0 34912 37425  3  6 91  0  0
 1  0   2560 879616   5796 6599144    0    0     0     0 32521 35311  2  5 93  0  0
 1  0   2560 880008   5796 6599148    0    0     0     0 35332 38012  3  6 91  0  0
 0  0   2560 879828   5796 6599148    0    0     0     0 35501 38059  3  6 91  0  0
 0  0   2560 879316   5796 6599152    0    0     0     0 35123 37981  3  7 90  0  0
 1  0   2560 879496   5796 6599152    0    0     0     0 31714 34381  3  6 91  0  0
 3  0   2560 879724   5796 6599152    0    0     0     0 29300 31105  2  5 93  0  0
 0  0   2560 879204   5796 6599152    0    0     0     0 28062 29916  2  5 93  0  0
 0  0   2560 879648   5796 6599152    0    0     0     0 34746 37461  3  7 90  0  0
 2  0   2560 880044   5796 6599160    0    0     0    92 31410 34060  3  5 92  0  0
 0  0   2560 879332   5796 6599160    0    0     0     0 33121 36069  3  5 92  0  0
 0  0   2560 879652   5796 6599160    0    0     0     0 36112 38550  3  6 91  0  0
 0  0   2560 879912   5796 6599160    0    0     0     0 36278 39148  3  6 92  0  0
 1  0   2560 879576   5796 6599160    0    0     0     0 33727 36601  3  6 92  0  0
procs -----------memory---------- ---swap-- -----io---- -system-- ------cpu-----
 r  b   swpd   free   buff  cache   si   so    bi    bo   in   cs us sy id wa st
 1  0   2560 879624   5796 6599160    0    0     0     0 36004 38330  3  7 91  0  0
 2  0   2560 855540   5796 6599160    0    0     0    74 35937 38751  5  7 88  0  0
 1  0   2560 855244   5796 6599164    0    0     0     0 32942 35919  3  5 92  0  0
 1  0   2560 855548   5796 6599164    0    0     0     0 34704 37397  3  6 92  0  0
 0  0   2560 855576   5796 6599168    0    0     0     0 29073 31525  3  5 92  0  0
 1  0   2560 855124   5796 6599168    0    0     0    12 28055 30377  2  5 93  0  0
 0  0   2560 855532   5796 6599168    0    0     0     0 27741 29701  1  4 94  0  0
 1  0   2560 854708   5796 6599172    0    0     0     0 28365 30482  2  5 93  0  0
 0  0   2560 855404   5796 6599176    0    0     0     0 35235 37742  2  6 92  0  0
 1  0   2560 855376   5796 6599176    0    0     0     0 35215 38148  3  6 92  0  0
 1  0   2560 854944   5796 6599176    0    0     0     0 33120 35657  3  5 92  0  0
 0  0   2560 855360   5796 6599176    0    0     0     0 36223 38947  3  6 91  0  0
 1  0   2560 855152   5796 6599180    0    0     0     0 36301 39104  3  6 91  0  0
 0  0   2560 855460   5796 6599180    0    0     0     0 36220 38890  3  7 91  0  0
 0  0   2560 855528   5796 6599184    0    0     0     0 33834 37073  2  6 91  0  0
 1  0   2560 855608   5796 6599188    0    0     0     0 35165 37877  3  7 90  0  0
 0  0   2560 855528   5796 6599188    0    0     0     0 30183 32685  2  5 92  0  0
 0  0   2560 855260   5796 6599188    0    0     0     0 27853 30014  3  5 92  0  0
 2  0   2560 855084   5796 6599188    0    0     0     0 30529 32267  3  6 92  0  0
 2  0   2560 879444   5796 6599188    0    0     0   272 33761 36082  8  8 84  0  0
 1  0   2560 879768   5796 6599196    0    0     0     0 35665 38602  3  6 91  0  0
procs -----------memory---------- ---swap-- -----io---- -system-- ------cpu-----
 r  b   swpd   free   buff  cache   si   so    bi    bo   in   cs us sy id wa st
 0  0   2560 879688   5796 6599200    0    0     0     4 33629 36517  3  5 92  0  0
 0  0   2560 879768   5796 6599204    0    0     0     0 35933 38604  3  6 92  0  0
 0  0   2560 879772   5796 6599208    0    0     0     0 35782 38420  3  7 90  0  0
 0  0   2560 879656   5796 6599208    0    0     0     0 35701 38488  3  7 90  0  0
 1  0   2560 879716   5796 6599208    0    0     0     0 33250 36118  3  6 91  0  0
 0  0   2560 879640   5796 6599208    0    0     0    52 36105 38621  3  7 90  0  0
 0  0   2560 879536   5796 6599208    0    0     0     0 36190 39361  3  6 91  0  0
 0  0   2560 879528   5796 6599208    0    0     0     0 33252 35871  2  5 92  0  0
 0  0   2560 879752   5796 6599208    0    0     0     0 36299 39435  3  6 91  0  0
 0  0   2560 879560   5796 6599208    0    0     0     0 34756 37756  4  7 90  0  0
 0  0   2560 879300   5796 6599212    0    0     0    80 33313 36372  3  6 92  0  0
 0  0   2560 879548   5796 6599216    0    0     0     0 29902 32641  2  5 92  0  0
 0  0   2560 879728   5796 6599228    0    0     0     0 33898 36301  3  6 91  0  0
 0  0   2560 878992   5796 6599232    0    0     0     0 34608 37068  3  6 91  0  0
 0  0   2560 879444   5796 6599232    0    0     0     0 35417 38246  4  7 89  0  0
 0  0   2560 879740   5796 6599232    0    0     0     4 34625 37561  3  6 91  0  0
 1  0   2560 878748   5796 6599232    0    0     0     0 37344 40040  3  6 91  0  0
 0  0   2560 879988   5796 6599232    0    0     0     0 35732 38868  3  6 92  0  0
 0  0   2560 879648   5796 6599232    0    0     0     0 33993 37069  3  6 91  0  0
 0  0   2560 879616   5796 6599232    0    0     0     0 27659 29719  3  5 92  0  0
 0  0   2560 879916   5796 6599232    0    0     0     0 28987 30984  2  6 93  0  0
procs -----------memory---------- ---swap-- -----io---- -system-- ------cpu-----
 r  b   swpd   free   buff  cache   si   so    bi    bo   in   cs us sy id wa st
 2  0   2560 879356   5796 6599232    0    0     0     0 28847 30690  2  4 93  0  0
 1  0   2560 879772   5796 6599236    0    0     0     0 28268 30621  3  5 92  0  0
 1  0   2560 879696   5796 6599236    0    0     0     0 26007 27888  2  5 93  0  0
 1  0   2560 879964   5796 6599236    0    0     0     0 32884 34746  3  6 91  0  0
 0  0   2560 879364   5796 6599240    0    0     0     8 35818 38463  2  6 92  0  0
 0  0   2560 879704   5796 6599244    0    0     0     0 34852 37914  2  6 92  0  0
 0  0   2560 880188   5796 6599248    0    0     0     0 35410 38008  3  6 91  0  0
 1  0   2560 879796   5796 6599248    0    0     0     0 34988 37728  3  6 91  0  0
 1  0   2560 879864   5796 6599248    0    0     0     0 36169 39386  3  6 91  0  0
 0  0   2560 879844   5796 6599248    0    0     0    36 33456 36896  3  5 92  0  0
 0  0   2560 879744   5796 6599248    0    0     0     0 29129 31693  3  5 93  0  0
 0  0   2560 879568   5796 6599248    0    0     0     0 35989 38548  3  7 90  0  0
 1  0   2560 879248   5796 6599256    0    0     0     0 36910 39832  3  7 90  0  0
 0  0   2560 879584   5796 6599260    0    0     0     0 34554 37708  3  5 92  0  0
 0  0   2560 879292   5796 6599260    0    0     0     0 35348 38474  3  5 92  0  0
 0  0   2560 879684   5796 6599260    0    0     0    56 36115 38775  3  6 91  0  0
 0  0   2560 879784   5796 6599260    0    0     0     0 35511 38398  3  6 92  0  0
 1  0   2560 879400   5796 6599264    0    0     0     0 33536 35754  3  6 92  0  0
 1  0   2560 855164   5796 6599268    0    0     0     4 33785 37015  6  6 88  0  0
 0  0   2560 855072   5796 6599268    0    0     0     0 35478 38157  3  7 90  0  0
 0  0   2560 855000   5796 6599272    0    0     0   105 33753 36703  3  5 93  0  0
procs -----------memory---------- ---swap-- -----io---- -system-- ------cpu-----
 r  b   swpd   free   buff  cache   si   so    bi    bo   in   cs us sy id wa st
 1  0   2560 855216   5796 6599272    0    0     0     0 33582 35930  3  6 91  0  0
 0  0   2560 854548   5796 6599280    0    0     0     0 31231 33800  3  6 91  0  0
 0  0   2560 855272   5796 6599280    0    0     0     0 34383 36916  3  6 91  0  0
 1  0   2560 855144   5796 6599280    0    0     0     0 32729 35317  2  6 92  0  0
 0  0   2560 854852   5796 6599280    0    0     0     4 37289 39930  3  5 92  0  0
 0  0   2560 855380   5796 6599280    0    0     0     0 35387 38475  3  6 91  0  0
 0  0   2560 854812   5796 6599280    0    0     0     0 36468 39465  3  6 91  0  0
 0  0   2560 854724   5796 6599280    0    0     0     0 34246 36584  2  7 91  0  0
 0  0   2560 855208   5796 6599280    0    0     0     0 36847 40122  3  7 90  0  0
 0  0   2560 855480   5796 6599288    0    0     0     0 35960 39299  3  6 92  0  0
 0  0   2560 854992   5796 6599288    0    0     0     0 34333 37472  2  6 92  0  0
 0  0   2560 855032   5796 6599288    0    0     0     0 35702 38668  3  6 91  0  0
 0  0   2560 854832   5796 6599292    0    0     0     0 30607 33290  3  5 92  0  0
 0  0   2560 855716   5796 6599300    0    0     0     0 29513 31789  2  5 93  0  0
 1  0   2560 854924   5796 6599300    0    0     0     0 29688 31733  2  5 93  0  0
 5  0   2560 875416   5796 6599304    0    0     0   184 34849 37106  7  7 86  0  0
 0  0   2560 879680   5796 6599304    0    0     0    88 36453 39530  4  7 89  0  0
 0  0   2560 879420   5796 6599304    0    0     0     0 35139 38209  3  6 91  0  0
 1  0   2560 879388   5796 6599304    0    0     0     0 35529 37945  3  6 91  0  0
 0  0   2560 879524   5796 6599304    0    0     0     4 36896 39694  3  6 91  0  0
 0  0   2560 880324   5796 6599304    0    0     0     0 35416 38624  3  6 92  0  0
procs -----------memory---------- ---swap-- -----io---- -system-- ------cpu-----
 r  b   swpd   free   buff  cache   si   so    bi    bo   in   cs us sy id wa st
 1  0   2560 879892   5796 6599308    0    0     0     0 33151 36038  3  7 90  0  0
 2  0   2560 879640   5796 6599308    0    0     0     0 36285 39168  2  6 92  0  0
 0  0   2560 878620   5796 6599316    0    0     0     0 33980 36732  2  6 91  0  0
 1  0   2560 879296   5796 6599316    0    0     0     8 30001 32517  2  5 93  0  0
 1  0   2560 879548   5796 6599316    0    0     0     0 33631 36080  3  6 92  0  0
 0  0   2560 879860   5796 6599316    0    0     0     0 37734 40635  4  7 89  0  0
 0  0   2560 879756   5796 6599316    0    0     0     0 33004 36412  3  6 90  0  0
 0  0   2560 879888   5796 6599316    0    0     0     0 27734 30752  2  5 93  0  0
 0  0   2560 879364   5796 6599320    0    0     0   153 25792 28159  1  5 94  0  0
 1  0   2560 879356   5796 6599320    0    0     0     0 30548 32670  3  6 92  0  0
 0  0   2560 880396   5796 6599320    0    0     0     0 28398 30561  2  5 92  0  0
 0  0   2560 879920   5796 6599320    0    0     0     0 26728 29030  3  4 93  0  0
 0  0   2560 879152   5796 6599332    0    0     0     0 27355 29411  2  5 93  0  0
 0  0   2560 878624   5796 6599336    0    0     0     0 32176 34491  3  6 92  0  0
 0  0   2560 879900   5796 6599336    0    0     0     0 32643 35083  3  5 92  0  0
 1  0   2560 879528   5796 6599340    0    0     0     0 32646 35170  3  6 91  0  0
 0  0   2560 879520   5796 6599340    0    0     0     0 28107 30432  3  6 92  0  0
 3  0   2560 879800   5796 6599340    0    0     0     0 23956 25773  2  5 93  0  0
 0  0   2560 879272   5796 6599340    0    0     0     0 27247 29291  2  5 94  0  0
 0  0   2560 879180   5796 6599340    0    0     0     0 32166 34513  3  7 91  0  0
 0  0   2560 879268   5796 6599340    0    0     0     0 30799 32942  3  6 91  0  0
procs -----------memory---------- ---swap-- -----io---- -system-- ------cpu-----
 r  b   swpd   free   buff  cache   si   so    bi    bo   in   cs us sy id wa st
 1  0   2560 880036   5796 6599340    0    0     0     0 31774 34091  3  6 91  0  0
 0  0   2560 879740   5796 6599340    0    0     0     0 34299 37002  3  7 90  0  0
 0  0   2560 879356   5796 6599344    0    0     0     0 35803 38762  3  7 90  0  0
 0  0   2560 879924   5796 6599344    0    0     0     0 35301 38373  3  6 91  0  0
 0  0   2560 879300   5796 6599348    0    0     0     0 30593 33246  3  6 92  0  0
 2  0   2560 879268   5796 6599352    0    0     0     0 33966 36738  3  7 90  0  0
 1  0   2560 879720   5796 6599356    0    0     0     0 33843 36642  3  6 91  0  0
 0  0   2560 879436   5796 6599356    0    0     0     0 34640 37421  3  7 90  0  0
 0  0   2560 879308   5796 6599360    0    0     0    36 24787 26767  3  6 92  0  0
 2  0   2560 878856   5796 6599360    0    0     0     0 29864 32238  3  7 90  0  0
 0  0   2560 879592   5796 6599360    0    0     0     0 32589 34910  3  6 91  0  0
 0  0   2560 879228   5796 6599360    0    0     0     0 33234 35976  3  6 91  0  0
 0  0   2560 879780   5796 6599364    0    0     0     0 32825 35653  3  6 91  0  0
 0  0   2560 879436   5796 6599364    0    0     0     0 34738 37722  3  7 90  0  0
 1  0   2560 879708   5796 6599364    0    0     0     0 34863 37804  3  6 91  0  0
 0  0   2560 879408   5796 6599364    0    0     0     0 32074 34970  3  6 91  0  0
 0  0   2560 854784   5796 6599372    0    0     0     4 33417 36247  6  7 88  0  0
 1  0   2560 854920   5796 6599376    0    0     0    71 36077 38408  3  7 90  0  0
 0  0   2560 854640   5796 6599376    0    0     0    44 34141 36571  3  7 90  0  0
 0  0   2560 855124   5796 6599384    0    0     0     0 32626 35278  4  7 90  0  0
 1  0   2560 854712   5796 6599384    0    0     0     0 32698 35280  3  6 91  0  0
procs -----------memory---------- ---swap-- -----io---- -system-- ------cpu-----
 r  b   swpd   free   buff  cache   si   so    bi    bo   in   cs us sy id wa st
 2  0   2560 854980   5796 6599384    0    0     0     0 27533 29658  2  6 92  0  0
 1  0   2560 855592   5796 6599384    0    0     0     0 30187 32015  3  5 92  0  0
 0  0   2560 854836   5796 6599388    0    0     0    60 33238 35400  3  6 92  0  0
 0  0   2560 855588   5796 6599388    0    0     0     0 34806 37076  4  6 90  0  0
 0  0   2560 854740   5796 6599388    0    0     0     0 34962 37437  3  7 90  0  0
 3  0   2560 854780   5796 6599388    0    0     0     0 32735 35410  3  6 92  0  0
 0  0   2560 855424   5796 6599388    0    0     0     0 34908 37519  3  7 91  0  0
 2  0   2560 855432   5796 6599388    0    0     0     0 36285 39011  3  7 90  0  0
 0  0   2560 855516   5796 6599388    0    0     0     0 35137 37871  4  7 90  0  0
 1  0   2560 855492   5796 6599392    0    0     0     0 31841 34509  3  6 91  0  0
 0  0   2560 855160   5796 6599400    0    0     0     0 34676 37544  2  6 91  0  0
 0  0   2560 855104   5796 6599400    0    0     0     0 32171 34768  2  6 92  0  0
 0  0   2560 855640   5796 6599412    0    0     0     0 28232 30708  2  5 93  0  0
 2  0   2560 879268   5796 6599412    0    0     0   272 27618 28648  8  7 84  0  0
 1  0   2560 879132   5796 6599412    0    0     0     0 35069 36546  3  7 90  0  0
 0  0   2560 879048   5796 6599412    0    0     0     0 35523 38440  3  6 91  0  0
 1  0   2560 879068   5796 6599412    0    0     0     0 36644 39419  3  6 91  0  0
 1  0   2560 879096   5796 6599412    0    0     0     0 33697 36408  3  6 92  0  0
 1  0   2560 879024   5796 6599412    0    0     0     4 34926 37443  3  7 90  0  0
 1  0   2560 879452   5796 6599412    0    0     0     0 34325 37098  3  7 90  0  0
 1  0   2560 878740   5796 6599412    0    0     0     0 33471 36474  3  7 90  0  0
procs -----------memory---------- ---swap-- -----io---- -system-- ------cpu-----
 r  b   swpd   free   buff  cache   si   so    bi    bo   in   cs us sy id wa st
 1  0   2560 879260   5796 6599412    0    0     0     0 36111 38935  3  6 91  0  0
 0  0   2560 879408   5796 6599412    0    0     0     0 36581 39294  3  6 91  0  0
 1  0   2560 879264   5796 6599420    0    0     0     0 28917 31353  2  6 92  0  0
 0  0   2560 879200   5796 6599424    0    0     0     0 26809 28764  3  5 92  0  0
 0  0   2560 879044   5796 6599424    0    0     0     0 26043 27717  2  5 93  0  0
 0  0   2560 879112   5796 6599424    0    0     0    66 24491 26096  2  5 94  0  0
 1  0   2560 878780   5796 6599428    0    0     0     0 29774 28636  2  6 92  0  0
 1  0   2560 899804   5796 6599432    0    0     0    48 3983 1974  0  1 99  0  0
 0  0   2560 900228   5796 6599432    0    0     0     0  715  568  1  0 99  0  0
 0  0   2560 900228   5796 6599432    0    0     0     0  407  412  0  0 100  0  0
 0  0   2560 900544   5796 6599432    0    0     0     0  383  411  0  0 99  0  0
