Linux 4.18.0-553.124.1.el8_10.x86_64 (l-test-poc-1) 	西元2026年07月11日 	_x86_64_	(4 CPU)

23時36分00秒  CPU    %usr   %nice    %sys %iowait    %irq   %soft  %steal  %guest  %gnice   %idle
23時36分01秒  all    2.02    0.00    0.25    0.00    0.25    0.51    0.00    0.00    0.00   96.97
23時36分02秒  all    2.53    0.00    1.01    0.00    0.25    0.00    0.00    0.00    0.00   96.21
23時36分03秒  all    3.99    0.00    2.49    0.00    0.50    0.75    0.00    0.00    0.00   92.27
23時36分04秒  all    1.78    0.00    0.76    0.00    0.00    0.00    0.00    0.00    0.00   97.46
23時36分05秒  all    2.24    0.00    1.00    0.00    0.75    0.25    0.00    0.00    0.00   95.77
23時36分06秒  all    2.25    0.00    0.75    0.00    0.25    0.50    0.00    0.00    0.00   96.25
23時36分07秒  all    2.03    0.00    0.76    0.00    0.00    0.00    0.00    0.00    0.00   97.22
23時36分08秒  all    2.01    0.00    0.75    0.00    0.25    0.25    0.00    0.00    0.00   96.74
23時36分09秒  all    2.00    0.00    0.75    0.00    0.75    0.25    0.00    0.00    0.00   96.25
23時36分10秒  all    2.25    0.00    0.75    0.00    0.00    0.50    0.00    0.00    0.00   96.50
23時36分11秒  all    2.02    0.00    1.01    0.00    0.00    0.00    0.00    0.00    0.00   96.97
23時36分12秒  all    2.00    0.00    0.75    0.00    0.50    0.50    0.00    0.00    0.00   96.26
23時36分13秒  all    2.03    0.00    0.00    0.00    0.25    0.00    0.00    0.00    0.00   97.72
23時36分14秒  all    2.00    0.00    1.00    0.00    0.25    0.25    0.00    0.00    0.00   96.50
23時36分15秒  all    1.76    0.00    0.75    0.00    0.25    0.50    0.00    0.00    0.00   96.73
23時36分16秒  all    2.51    0.00    1.75    0.25    0.25    0.00    0.00    0.00    0.00   95.24
23時36分17秒  all    2.27    0.00    0.76    0.00    0.25    0.50    0.00    0.00    0.00   96.22
23時36分18秒  all    1.76    0.00    0.76    0.00    0.50    0.25    0.00    0.00    0.00   96.73
23時36分19秒  all    2.51    0.00    0.50    0.00    0.25    0.00    0.00    0.00    0.00   96.74
23時36分20秒  all    1.75    0.00    1.00    0.00    0.25    0.50    0.00    0.00    0.00   96.49
23時36分21秒  all    2.26    0.00    0.75    0.00    0.25    0.00    0.00    0.00    0.00   96.73
23時36分22秒  all    1.51    0.00    0.75    0.25    0.25    0.25    0.00    0.00    0.00   96.98
23時36分23秒  all    2.26    0.00    0.50    0.00    0.50    0.25    0.00    0.00    0.00   96.49
23時36分24秒  all    2.50    0.00    0.50    0.00    0.00    0.25    0.00    0.00    0.00   96.75
23時36分25秒  all    1.76    0.00    0.50    0.00    0.25    0.00    0.00    0.00    0.00   97.48
23時36分26秒  all    1.76    0.00    0.76    0.00    0.25    0.50    0.00    0.00    0.00   96.73
23時36分27秒  all    2.00    0.00    0.75    0.00    0.50    0.50    0.00    0.00    0.00   96.25
23時36分28秒  all    2.02    0.00    0.51    0.00    0.00    0.00    0.00    0.00    0.00   97.47
23時36分29秒  all    2.01    0.00    0.75    0.00    0.25    0.25    0.00    0.00    0.00   96.74
23時36分30秒  all    2.01    0.00    0.25    0.00    0.50    0.50    0.00    0.00    0.00   96.74
23時36分31秒  all    1.75    0.00    1.00    0.00    0.25    0.25    0.00    0.00    0.00   96.74
23時36分32秒  all    1.53    0.00    0.76    0.00    0.00    0.00    0.00    0.00    0.00   97.71
23時36分33秒  all    2.25    0.00    1.00    0.25    0.50    0.00    0.00    0.00    0.00   96.00
23時36分34秒  all    2.00    0.00    0.50    0.00    0.25    0.75    0.00    0.00    0.00   96.50
23時36分35秒  all    2.26    0.00    0.75    0.00    0.25    0.00    0.00    0.00    0.00   96.73
23時36分36秒  all    1.75    0.00    1.00    0.00    0.25    0.00    0.00    0.00    0.00   96.99
23時36分37秒  all    2.02    0.00    0.25    0.00    0.25    0.50    0.00    0.00    0.00   96.98
23時36分38秒  all    2.00    0.00    1.00    0.00    0.25    0.25    0.00    0.00    0.00   96.50
23時36分39秒  all    2.02    0.00    0.51    0.00    0.25    0.00    0.00    0.00    0.00   97.22
23時36分40秒  all    1.50    0.00    0.75    0.00    0.25    0.50    0.00    0.00    0.00   96.99
23時36分41秒  all    2.76    0.00    0.25    0.00    0.50    0.00    0.00    0.00    0.00   96.49
23時36分42秒  all    1.76    0.00    1.01    0.00    0.25    0.25    0.00    0.00    0.00   96.73
23時36分43秒  all    1.75    0.00    0.75    0.00    0.00    0.50    0.00    0.00    0.00   97.00
23時36分44秒  all    1.77    0.00    0.51    0.00    0.51    0.00    0.00    0.00    0.00   97.22
23時36分45秒  all    2.02    0.00    0.76    0.00    0.25    0.00    0.00    0.00    0.00   96.98
23時36分46秒  all    2.24    0.00    0.75    0.00    0.25    0.75    0.00    0.00    0.00   96.01
23時36分47秒  all    2.51    0.00    1.00    0.00    0.50    0.25    0.00    0.00    0.00   95.74
23時36分48秒  all    2.77    0.00    0.76    0.00    0.25    0.25    0.00    0.00    0.00   95.97
23時36分49秒  all    2.24    0.00    1.00    0.00    0.25    0.50    0.00    0.00    0.00   96.01
23時36分50秒  all    1.52    0.00    1.01    0.25    0.25    0.25    0.00    0.00    0.00   96.71
23時36分51秒  all    2.25    0.00    0.75    0.00    0.25    0.00    0.00    0.00    0.00   96.75
23時36分52秒  all    2.02    0.00    0.25    0.00    0.25    0.25    0.00    0.00    0.00   97.22
23時36分53秒  all    2.00    0.00    1.00    0.00    0.25    0.50    0.00    0.00    0.00   96.25
23時36分54秒  all    2.51    0.00    0.75    0.00    0.25    0.00    0.00    0.00    0.00   96.48
23時36分55秒  all    2.26    0.00    0.25    0.00    0.25    0.25    0.00    0.00    0.00   96.99
23時36分56秒  all    2.01    0.00    0.75    0.00    0.25    0.25    0.00    0.00    0.00   96.73
23時36分57秒  all    2.51    0.00    0.75    0.00    0.50    0.25    0.00    0.00    0.00   95.99
23時36分58秒  all    1.75    0.00    1.25    0.00    0.25    0.25    0.00    0.00    0.00   96.51
23時36分59秒  all    2.02    0.00    0.76    0.00    0.00    0.25    0.00    0.00    0.00   96.97
23時37分00秒  all    1.51    0.00    0.50    0.00    0.25    0.00    0.00    0.00    0.00   97.74
23時37分01秒  all    2.00    0.00    1.25    0.00    0.50    0.25    0.00    0.00    0.00   96.00
23時37分02秒  all    1.75    0.00    1.25    0.00    0.00    0.50    0.00    0.00    0.00   96.51
23時37分03秒  all    1.52    0.00    0.00    0.00    0.51    0.00    0.00    0.00    0.00   97.97
23時37分04秒  all    1.50    0.00    1.00    0.00    0.00    0.00    0.00    0.00    0.00   97.50
23時37分05秒  all    1.50    0.00    0.75    0.00    0.25    0.25    0.00    0.00    0.00   97.25
23時37分06秒  all    1.75    0.00    0.25    0.00    0.25    0.50    0.00    0.00    0.00   97.25
23時37分07秒  all    1.26    0.00    1.01    0.00    0.00    0.25    0.00    0.00    0.00   97.48
23時37分08秒  all    1.50    0.00    0.75    0.00    0.50    0.00    0.00    0.00    0.00   97.25
23時37分09秒  all    1.26    0.00    0.50    0.00    0.00    0.25    0.00    0.00    0.00   97.99
23時37分10秒  all    1.50    0.00    0.75    0.00    0.25    0.00    0.00    0.00    0.00   97.51
23時37分11秒  all    0.76    0.00    0.50    0.00    0.25    0.76    0.00    0.00    0.00   97.73
23時37分12秒  all    1.49    0.00    0.50    0.25    0.25    0.25    0.00    0.00    0.00   97.26
23時37分13秒  all    1.50    0.00    0.50    0.00    0.25    0.25    0.00    0.00    0.00   97.49
23時37分14秒  all   15.58    0.00    2.51    0.50    0.50    0.75    0.00    0.00    0.00   80.15
23時37分15秒  all   14.72    0.00    4.31    1.27    0.51    1.02    0.00    0.00    0.00   78.17
23時37分16秒  all   14.18    0.00    3.54    1.27    1.01    1.01    0.00    0.00    0.00   78.99
23時37分17秒  all   16.16    0.00    4.04    1.52    0.25    1.01    0.00    0.00    0.00   77.02
23時37分18秒  all   17.01    0.00    3.55    1.02    0.76    1.52    0.00    0.00    0.00   76.14
23時37分19秒  all   12.56    0.00    4.02    1.26    1.01    1.26    0.00    0.00    0.00   79.90
23時37分20秒  all   12.31    0.00    4.36    1.28    0.51    1.03    0.00    0.00    0.00   80.51
23時37分21秒  all   12.24    0.00    3.32    1.02    0.51    1.02    0.00    0.00    0.00   81.89
23時37分22秒  all   12.41    0.00    4.05    1.52    1.01    1.27    0.00    0.00    0.00   79.75
23時37分23秒  all   12.94    0.00    3.98    1.49    0.75    1.24    0.00    0.00    0.00   79.60
23時37分24秒  all   11.51    0.00    3.84    1.02    0.26    0.77    0.00    0.00    0.00   82.61
23時37分25秒  all   11.70    0.00    4.07    1.27    0.76    1.02    0.00    0.00    0.00   81.17
23時37分26秒  all   13.25    0.00    3.75    1.50    1.00    1.25    0.00    0.00    0.00   79.25
23時37分27秒  all   13.01    0.00    4.34    1.28    0.51    1.02    0.00    0.00    0.00   79.85
23時37分28秒  all   12.37    0.00    3.79    1.52    0.51    1.01    0.00    0.00    0.00   80.81
23時37分29秒  all   13.92    0.00    3.80    1.27    0.76    1.27    0.00    0.00    0.00   78.99
23時37分30秒  all   14.57    0.00    4.02    1.26    1.01    1.26    0.00    0.00    0.00   77.89
23時37分31秒  all   14.40    0.00    3.60    1.29    0.26    1.03    0.00    0.00    0.00   79.43
23時37分32秒  all   14.68    0.00    4.56    1.01    0.76    1.27    0.00    0.00    0.00   77.72
23時37分33秒  all   16.96    0.00    4.30    1.01    0.76    1.27    0.00    0.00    0.00   75.70
23時37分34秒  all   16.71    0.00    4.30    1.01    1.01    1.01    0.00    0.00    0.00   75.95
23時37分35秒  all   15.62    0.00    4.03    1.51    0.25    1.51    0.00    0.00    0.00   77.08
23時37分36秒  all   14.10    0.00    3.59    1.28    0.77    1.03    0.00    0.00    0.00   79.23
23時37分37秒  all   14.39    0.00    3.79    1.26    1.01    1.26    0.00    0.00    0.00   78.28
23時37分38秒  all   13.81    0.00    3.84    1.02    0.26    1.02    0.00    0.00    0.00   80.05
23時37分39秒  all   14.50    0.00    3.56    1.27    0.76    1.27    0.00    0.00    0.00   78.63
23時37分40秒  all   19.54    0.00    4.63    1.29    1.03    1.03    0.00    0.00    0.00   72.49
23時37分41秒  all   16.75    0.00    4.06    1.78    0.51    1.52    0.00    0.00    0.00   75.38
23時37分42秒  all   15.25    0.00    4.13    1.55    0.52    0.78    0.00    0.00    0.00   77.78
23時37分43秒  all   15.09    0.00    4.35    0.77    1.02    1.28    0.00    0.00    0.00   77.49
23時37分44秒  all   15.48    0.00    5.08    2.28    0.76    1.02    0.00    0.00    0.00   75.38
23時37分45秒  all   16.11    0.00    5.37    1.28    1.02    1.53    0.00    0.00    0.00   74.68
23時37分46秒  all   22.42    0.00    4.79    1.76    0.76    1.26    0.00    0.00    0.00   69.02
23時37分47秒  all   15.86    0.00    4.60    1.53    0.77    1.02    0.00    0.00    0.00   76.21
23時37分48秒  all   14.76    0.00    4.58    1.27    0.51    1.27    0.00    0.00    0.00   77.61
23時37分49秒  all   16.08    0.00    3.77    1.76    1.01    1.51    0.00    0.00    0.00   75.88
23時37分50秒  all   14.07    0.00    4.09    1.53    0.77    1.02    0.00    0.00    0.00   78.52
23時37分51秒  all   14.96    0.00    4.49    1.75    0.50    1.00    0.00    0.00    0.00   77.31
23時37分52秒  all   14.36    0.00    3.53    1.51    1.01    1.51    0.00    0.00    0.00   78.09
23時37分53秒  all   14.54    0.00    4.59    1.53    0.77    1.02    0.00    0.00    0.00   77.55
23時37分54秒  all   13.20    0.00    4.57    1.78    0.25    1.02    0.00    0.00    0.00   79.19
23時37分55秒  all   13.96    0.00    4.06    1.27    1.02    1.27    0.00    0.00    0.00   78.43
23時37分56秒  all   13.57    0.00    4.27    1.76    1.01    1.26    0.00    0.00    0.00   78.14
23時37分57秒  all   14.91    0.00    3.86    1.29    0.26    1.03    0.00    0.00    0.00   78.66
23時37分58秒  all   12.82    0.00    3.33    1.28    0.77    1.28    0.00    0.00    0.00   80.51
23時37分59秒  all   13.71    0.00    4.57    1.52    1.02    1.02    0.00    0.00    0.00   78.17
23時38分00秒  all   17.01    0.00    4.57    1.52    0.76    1.78    0.00    0.00    0.00   74.37
23時38分01秒  all   18.27    0.00    5.58    1.27    0.51    1.02    0.00    0.00    0.00   73.35
23時38分02秒  all   16.75    0.00    4.06    1.78    0.76    1.52    0.00    0.00    0.00   75.13
23時38分03秒  all   20.41    0.00    4.34    1.28    1.02    1.53    0.00    0.00    0.00   71.43
23時38分04秒  all   17.47    0.00    4.56    1.52    0.76    1.27    0.00    0.00    0.00   74.43
23時38分05秒  all   13.23    0.00    4.83    1.53    1.02    1.27    0.00    0.00    0.00   78.12
23時38分06秒  all   13.52    0.00    4.85    1.79    0.51    1.02    0.00    0.00    0.00   78.32
23時38分07秒  all   15.27    0.00    4.07    1.02    0.51    1.27    0.00    0.00    0.00   77.86
23時38分08秒  all   14.72    0.00    3.81    1.27    1.02    1.27    0.00    0.00    0.00   77.92
23時38分09秒  all   14.75    0.00    4.75    2.00    1.00    1.25    0.00    0.00    0.00   76.25
23時38分10秒  all   14.68    0.00    4.05    1.01    0.51    1.27    0.00    0.00    0.00   78.48
23時38分11秒  all   14.39    0.00    4.04    1.77    0.51    1.26    0.00    0.00    0.00   78.03
23時38分12秒  all   15.19    0.00    4.56    1.77    1.01    1.01    0.00    0.00    0.00   76.46
23時38分13秒  all   13.45    0.00    4.06    1.52    0.51    1.27    0.00    0.00    0.00   79.19
23時38分14秒  all   14.25    0.00    4.33    1.53    1.02    1.02    0.00    0.00    0.00   77.86
23時38分15秒  all   14.21    0.00    3.55    1.27    0.51    1.02    0.00    0.00    0.00   79.44
23時38分16秒  all   15.75    0.00    4.25    1.50    1.00    1.50    0.00    0.00    0.00   76.00
23時38分17秒  all   13.74    0.00    5.09    1.53    0.51    1.27    0.00    0.00    0.00   77.86
23時38分18秒  all   15.44    0.00    4.81    1.52    1.01    1.27    0.00    0.00    0.00   75.95
23時38分19秒  all   13.71    0.00    4.82    1.52    0.76    0.76    0.00    0.00    0.00   78.43
23時38分20秒  all   15.62    0.00    4.53    1.51    0.50    1.51    0.00    0.00    0.00   76.32
23時38分21秒  all   13.71    0.00    3.81    1.27    0.76    1.02    0.00    0.00    0.00   79.44
23時38分22秒  all   13.89    0.00    4.04    1.77    1.01    1.26    0.00    0.00    0.00   78.03
23時38分23秒  all   15.67    0.00    4.73    1.74    0.75    1.24    0.00    0.00    0.00   75.87
23時38分24秒  all   13.96    0.00    4.57    1.52    0.25    1.27    0.00    0.00    0.00   78.43
23時38分25秒  all   13.89    0.00    3.28    1.26    1.01    1.01    0.00    0.00    0.00   79.55
23時38分26秒  all   13.97    0.00    4.74    1.50    1.00    1.00    0.00    0.00    0.00   77.81
23時38分27秒  all   14.47    0.00    4.06    1.52    0.51    1.27    0.00    0.00    0.00   78.17
23時38分28秒  all   14.18    0.00    4.05    1.52    0.51    1.52    0.00    0.00    0.00   78.23
23時38分29秒  all   14.68    0.00    4.73    1.49    1.00    1.24    0.00    0.00    0.00   76.87
23時38分30秒  all   16.20    0.00    4.30    1.52    1.01    1.01    0.00    0.00    0.00   75.95
23時38分31秒  all   17.81    0.00    4.58    2.04    0.25    1.02    0.00    0.00    0.00   74.30
23時38分32秒  all   14.18    0.00    3.04    1.52    0.76    1.27    0.00    0.00    0.00   79.24
23時38分33秒  all   14.94    0.00    5.06    1.27    0.76    1.01    0.00    0.00    0.00   76.96
23時38分34秒  all   15.40    0.00    4.04    1.77    0.51    1.01    0.00    0.00    0.00   77.27
23時38分35秒  all   12.63    0.00    3.54    1.52    0.76    1.26    0.00    0.00    0.00   80.30
23時38分36秒  all   14.04    0.00    4.51    1.50    0.75    1.25    0.00    0.00    0.00   77.94
23時38分37秒  all   13.71    0.00    4.06    1.52    1.02    1.02    0.00    0.00    0.00   78.68
23時38分38秒  all   15.48    0.00    3.81    1.52    0.25    1.27    0.00    0.00    0.00   77.66
23時38分39秒  all   14.07    0.00    4.27    1.51    0.75    1.01    0.00    0.00    0.00   78.39
23時38分40秒  all   15.00    0.00    4.00    1.50    1.00    1.25    0.00    0.00    0.00   77.25
23時38分41秒  all   13.82    0.00    4.02    1.76    0.75    1.51    0.00    0.00    0.00   78.14
23時38分42秒  all   13.96    0.00    4.06    1.52    0.76    1.02    0.00    0.00    0.00   78.68
23時38分43秒  all   13.85    0.00    4.62    1.79    0.51    0.77    0.00    0.00    0.00   78.46
23時38分44秒  all   12.88    0.00    4.04    1.52    0.76    1.26    0.00    0.00    0.00   79.55
23時38分45秒  all   14.29    0.00    4.51    1.25    0.75    1.25    0.00    0.00    0.00   77.94
23時38分46秒  all   14.54    0.00    3.57    1.28    0.77    1.28    0.00    0.00    0.00   78.57
23時38分47秒  all   14.14    0.00    4.29    2.02    0.76    1.01    0.00    0.00    0.00   77.78
23時38分48秒  all   13.78    0.00    4.26    1.25    0.75    1.25    0.00    0.00    0.00   78.70
23時38分49秒  all   18.64    0.00    4.28    1.51    0.50    1.26    0.00    0.00    0.00   73.80
23時38分50秒  all   14.32    0.00    4.52    1.76    1.01    1.26    0.00    0.00    0.00   77.14
23時38分51秒  all   13.35    0.00    4.03    1.76    0.76    1.26    0.00    0.00    0.00   78.84
23時38分52秒  all   13.96    0.00    4.31    1.52    0.25    1.02    0.00    0.00    0.00   78.93
23時38分53秒  all   13.67    0.00    4.05    1.27    1.01    1.01    0.00    0.00    0.00   78.99
23時38分54秒  all   13.47    0.00    4.74    2.00    1.00    1.75    0.00    0.00    0.00   77.06
23時38分55秒  all   13.62    0.00    3.60    1.80    0.26    0.77    0.00    0.00    0.00   79.95
23時38分56秒  all   14.36    0.00    4.53    1.51    0.76    1.01    0.00    0.00    0.00   77.83
23時38分57秒  all   15.66    0.00    4.29    1.77    1.01    1.26    0.00    0.00    0.00   76.01
23時38分58秒  all   14.61    0.00    3.78    1.01    1.01    1.01    0.00    0.00    0.00   78.59
23時38分59秒  all   14.32    0.00    3.84    1.28    0.00    1.53    0.00    0.00    0.00   79.03
23時39分00秒  all   16.46    0.00    5.06    1.77    1.01    1.27    0.00    0.00    0.00   74.43
23時39分01秒  all   15.52    0.00    5.85    1.27    1.02    1.27    0.00    0.00    0.00   75.06
23時39分02秒  all   17.33    0.00    5.20    1.73    0.99    1.49    0.00    0.00    0.00   73.27
23時39分03秒  all   15.91    0.00    4.80    1.26    1.01    1.26    0.00    0.00    0.00   75.76
23時39分04秒  all   14.80    0.00    4.08    1.02    0.26    1.02    0.00    0.00    0.00   78.83
23時39分05秒  all   14.82    0.00    4.02    1.76    0.75    1.26    0.00    0.00    0.00   77.39
23時39分06秒  all   13.85    0.00    3.53    1.26    1.01    1.01    0.00    0.00    0.00   79.35
23時39分07秒  all   13.38    0.00    4.55    1.52    0.51    1.26    0.00    0.00    0.00   78.79
23時39分08秒  all   14.39    0.00    3.79    1.52    0.76    1.01    0.00    0.00    0.00   78.54
23時39分09秒  all   13.57    0.00    4.77    1.76    0.75    1.26    0.00    0.00    0.00   77.89
23時39分10秒  all   14.68    0.00    3.80    1.01    0.76    1.01    0.00    0.00    0.00   78.73
23時39分11秒  all   13.49    0.00    4.07    1.53    0.51    1.27    0.00    0.00    0.00   79.13
23時39分12秒  all   13.64    0.00    3.54    1.52    0.76    1.01    0.00    0.00    0.00   79.55
23時39分13秒  all   14.61    0.00    4.03    1.51    0.76    1.01    0.00    0.00    0.00   78.09
23時39分14秒  all   15.23    0.00    5.08    1.52    0.76    1.02    0.00    0.00    0.00   76.40
23時39分15秒  all   14.32    0.00    4.02    1.26    0.50    1.76    0.00    0.00    0.00   78.14
23時39分16秒  all   13.71    0.00    4.06    1.78    0.76    1.02    0.00    0.00    0.00   78.68
23時39分17秒  all   19.10    0.00    4.27    1.76    0.75    1.01    0.00    0.00    0.00   73.12
23時39分18秒  all   15.01    0.00    3.82    1.02    1.02    1.27    0.00    0.00    0.00   77.86
23時39分19秒  all   13.85    0.00    4.28    2.02    0.50    1.26    0.00    0.00    0.00   78.09
23時39分20秒  all   15.52    0.00    4.58    1.27    0.76    1.27    0.00    0.00    0.00   76.59
23時39分21秒  all   13.13    0.00    4.80    1.52    0.76    1.26    0.00    0.00    0.00   78.54
23時39分22秒  all   14.57    0.00    3.77    1.76    0.75    1.01    0.00    0.00    0.00   78.14
23時39分23秒  all   14.86    0.00    4.28    1.51    0.76    1.26    0.00    0.00    0.00   77.33
23時39分24秒  all   14.11    0.00    4.28    1.01    0.76    1.01    0.00    0.00    0.00   78.84
23時39分25秒  all   13.16    0.00    4.05    1.77    0.51    1.01    0.00    0.00    0.00   79.49
23時39分26秒  all   14.29    0.00    4.08    1.28    1.02    1.02    0.00    0.00    0.00   78.32
23時39分27秒  all   14.11    0.00    4.28    1.51    0.50    1.26    0.00    0.00    0.00   78.34
23時39分28秒  all   14.82    0.00    4.02    1.51    0.75    1.51    0.00    0.00    0.00   77.39
23時39分29秒  all   14.32    0.00    4.27    1.26    0.75    1.01    0.00    0.00    0.00   78.39
23時39分30秒  all   15.00    0.00    4.50    1.50    0.75    1.25    0.00    0.00    0.00   77.00
23時39分31秒  all   13.42    0.00    4.05    2.03    0.51    1.01    0.00    0.00    0.00   78.99
23時39分32秒  all   14.39    0.00    4.55    1.77    0.76    1.26    0.00    0.00    0.00   77.27
23時39分33秒  all   14.25    0.00    3.82    1.53    0.76    1.27    0.00    0.00    0.00   78.37
23時39分34秒  all   12.44    0.00    3.81    1.52    1.02    1.02    0.00    0.00    0.00   80.20
23時39分35秒  all   18.45    0.00    4.74    1.25    0.75    1.25    0.00    0.00    0.00   73.57
23時39分36秒  all   14.47    0.00    4.06    1.52    0.25    0.76    0.00    0.00    0.00   78.93
23時39分37秒  all   13.75    0.00    4.25    1.50    1.00    1.25    0.00    0.00    0.00   78.25
23時39分38秒  all   14.14    0.00    4.04    1.52    1.01    1.01    0.00    0.00    0.00   78.28
23時39分39秒  all   12.79    0.00    4.09    1.53    0.26    1.28    0.00    0.00    0.00   80.05
23時39分40秒  all   14.79    0.00    4.26    1.50    0.75    1.00    0.00    0.00    0.00   77.69
23時39分41秒  all   14.00    0.00    4.25    1.25    0.75    1.75    0.00    0.00    0.00   78.00
23時39分42秒  all   14.21    0.00    4.06    1.78    0.76    1.02    0.00    0.00    0.00   78.17
23時39分43秒  all   13.92    0.00    4.30    1.52    0.76    1.01    0.00    0.00    0.00   78.48
23時39分44秒  all   13.92    0.00    4.05    1.77    0.51    1.27    0.00    0.00    0.00   78.48
23時39分45秒  all   14.18    0.00    5.32    1.27    0.76    1.01    0.00    0.00    0.00   77.47
23時39分46秒  all   13.35    0.00    3.78    2.02    1.01    1.26    0.00    0.00    0.00   78.59
23時39分47秒  all   14.29    0.00    4.34    1.28    0.77    1.28    0.00    0.00    0.00   78.06
23時39分48秒  all   14.39    0.00    4.04    1.77    0.51    0.76    0.00    0.00    0.00   78.54
23時39分49秒  all   13.35    0.00    4.79    1.51    0.76    1.26    0.00    0.00    0.00   78.34
23時39分50秒  all   14.07    0.00    3.52    1.51    1.01    1.26    0.00    0.00    0.00   78.64
23時39分51秒  all   14.97    0.00    4.31    1.78    0.25    1.02    0.00    0.00    0.00   77.66
23時39分52秒  all   15.87    0.00    3.53    1.51    1.01    1.51    0.00    0.00    0.00   76.57
23時39分53秒  all   14.11    0.00    5.04    1.51    0.76    1.01    0.00    0.00    0.00   77.58
23時39分54秒  all   14.36    0.00    4.03    1.51    0.50    1.26    0.00    0.00    0.00   78.34
23時39分55秒  all   14.61    0.00    4.28    1.76    0.76    1.26    0.00    0.00    0.00   77.33
23時39分56秒  all   14.18    0.00    4.05    1.52    0.76    1.01    0.00    0.00    0.00   78.48
23時39分57秒  all   13.75    0.00    4.25    1.75    0.75    1.25    0.00    0.00    0.00   78.25
23時39分58秒  all   13.64    0.00    4.04    1.26    0.76    1.26    0.00    0.00    0.00   79.04
23時39分59秒  all   14.32    0.00    4.52    1.01    0.50    1.01    0.00    0.00    0.00   78.64
23時40分00秒  all   16.96    0.00    4.30    1.52    0.76    1.52    0.00    0.00    0.00   74.94
23時40分01秒  all   17.60    0.00    4.85    1.53    1.02    1.02    0.00    0.00    0.00   73.98
23時40分02秒  all   17.09    0.00    4.52    1.26    1.01    1.76    0.00    0.00    0.00   74.37
23時40分03秒  all   23.43    0.00    5.79    1.26    1.01    1.01    0.00    0.00    0.00   67.51
23時40分04秒  all   17.38    0.00    4.79    1.51    0.76    1.26    0.00    0.00    0.00   74.31
23時40分05秒  all   16.71    0.00    4.81    1.27    0.76    1.52    0.00    0.00    0.00   74.94
23時40分06秒  all   15.48    0.00    4.31    1.52    0.51    1.27    0.00    0.00    0.00   76.90
23時40分07秒  all   17.13    0.00    5.04    1.51    1.01    1.51    0.00    0.00    0.00   73.80
23時40分08秒  all   17.97    0.00    4.30    1.27    1.01    1.01    0.00    0.00    0.00   74.43
23時40分09秒  all   14.97    0.00    4.82    1.52    0.76    1.52    0.00    0.00    0.00   76.40
23時40分10秒  all   15.74    0.00    4.06    1.27    1.02    1.02    0.00    0.00    0.00   76.90
23時40分11秒  all   16.79    0.00    4.51    1.25    0.50    1.50    0.00    0.00    0.00   75.44
23時40分12秒  all   16.79    0.00    4.33    1.53    0.76    1.02    0.00    0.00    0.00   75.57
23時40分13秒  all   17.09    0.00    5.53    1.26    0.75    1.51    0.00    0.00    0.00   73.87
23時40分14秒  all   16.20    0.00    4.05    1.52    1.01    1.01    0.00    0.00    0.00   76.20
23時40分15秒  all   16.24    0.00    4.06    1.78    0.76    1.27    0.00    0.00    0.00   75.89
23時40分16秒  all   16.92    0.00    4.29    1.26    0.76    1.52    0.00    0.00    0.00   75.25
23時40分17秒  all   18.94    0.00    5.05    1.52    0.76    1.26    0.00    0.00    0.00   72.47
23時40分18秒  all   17.68    0.00    5.05    1.77    0.76    1.26    0.00    0.00    0.00   73.48
23時40分19秒  all   15.62    0.00    4.28    1.51    1.01    1.51    0.00    0.00    0.00   76.07
23時40分20秒  all   16.92    0.00    4.62    1.28    0.77    1.28    0.00    0.00    0.00   75.13
23時40分21秒  all   20.56    0.00    4.82    1.52    0.76    1.02    0.00    0.00    0.00   71.32
23時40分22秒  all   16.58    0.00    5.03    1.51    1.01    1.51    0.00    0.00    0.00   74.37
23時40分23秒  all   18.64    0.00    4.28    1.26    0.76    1.26    0.00    0.00    0.00   73.80
23時40分24秒  all   15.90    0.00    4.62    1.79    0.51    1.28    0.00    0.00    0.00   75.90
23時40分25秒  all   17.96    0.00    4.24    1.50    1.00    1.00    0.00    0.00    0.00   74.31
23時40分26秒  all   15.15    0.00    5.05    1.26    0.76    1.52    0.00    0.00    0.00   76.26
23時40分27秒  all   16.62    0.00    4.60    1.28    1.02    1.02    0.00    0.00    0.00   75.45
23時40分28秒  all   17.26    0.00    5.58    1.52    0.76    1.27    0.00    0.00    0.00   73.60
23時40分29秒  all   16.75    0.00    5.00    1.50    0.25    1.50    0.00    0.00    0.00   75.00
23時40分30秒  all   17.65    0.00    4.60    1.28    1.02    1.53    0.00    0.00    0.00   73.91
23時40分31秒  all   16.83    0.00    5.03    1.51    1.01    1.01    0.00    0.00    0.00   74.62
23時40分32秒  all   16.16    0.00    3.54    1.01    0.51    1.26    0.00    0.00    0.00   77.53
23時40分33秒  all   20.10    0.00    5.09    1.78    0.76    1.27    0.00    0.00    0.00   70.99
23時40分34秒  all   19.04    0.00    5.58    1.27    1.02    1.78    0.00    0.00    0.00   71.32
23時40分35秒  all   19.29    0.00    4.82    1.52    1.02    1.02    0.00    0.00    0.00   72.34
23時40分36秒  all   13.89    0.00    3.03    1.52    0.51    0.76    0.00    0.00    0.00   80.30
23時40分37秒  all   18.09    0.00    5.03    2.51    0.75    1.51    0.00    0.00    0.00   72.11
23時40分38秒  all   19.54    0.00    4.57    1.78    0.76    1.52    0.00    0.00    0.00   71.83
23時40分39秒  all   17.22    0.00    4.05    2.03    0.76    1.01    0.00    0.00    0.00   74.94
23時40分40秒  all   17.97    0.00    4.81    2.28    0.76    1.27    0.00    0.00    0.00   72.91
23時40分41秒  all   17.05    0.00    4.83    1.53    0.76    1.53    0.00    0.00    0.00   74.30
23時40分42秒  all   17.30    0.00    4.33    2.04    0.76    1.02    0.00    0.00    0.00   74.55
23時40分43秒  all   37.34    0.00    4.76    1.75    1.25    1.50    0.00    0.00    0.00   53.38
23時40分44秒  all   31.20    0.00    4.86    1.79    0.77    1.02    0.00    0.00    0.00   60.36
23時40分45秒  all   38.27    0.00    5.61    2.04    0.51    1.28    0.00    0.00    0.00   52.30
23時40分46秒  all   38.48    0.00    6.33    1.77    0.51    1.01    0.00    0.00    0.00   51.90
23時40分47秒  all   35.71    0.00    8.16    1.53    1.28    1.02    0.00    0.00    0.00   52.30
23時40分48秒  all   35.28    0.00    8.88    2.28    0.76    1.27    0.00    0.00    0.00   51.52
23時40分49秒  all   30.79    0.00    6.36    1.78    0.76    1.78    0.00    0.00    0.00   58.52
23時40分50秒  all   15.99    0.00    4.06    2.54    0.76    1.02    0.00    0.00    0.00   75.63
23時40分51秒  all   16.46    0.00    3.29    2.28    0.76    1.27    0.00    0.00    0.00   75.95
23時40分52秒  all   13.55    0.00    3.84    2.05    0.51    1.02    0.00    0.00    0.00   79.03
23時40分53秒  all   16.08    0.00    4.52    2.26    0.75    1.01    0.00    0.00    0.00   75.38
23時40分54秒  all   14.90    0.00    4.04    2.02    0.76    1.26    0.00    0.00    0.00   77.02
23時40分55秒  all   15.82    0.00    3.83    2.30    0.77    1.02    0.00    0.00    0.00   76.28
23時40分56秒  all   15.91    0.00    4.29    1.77    0.76    1.01    0.00    0.00    0.00   76.26
23時40分57秒  all   16.62    0.00    4.28    2.52    0.50    1.26    0.00    0.00    0.00   74.81
23時40分58秒  all   17.13    0.00    4.28    1.76    1.01    1.26    0.00    0.00    0.00   74.56
23時40分59秒  all   16.46    0.00    4.56    1.77    0.51    1.27    0.00    0.00    0.00   75.44
23時41分00秒  all   15.99    0.00    3.81    2.03    0.51    1.02    0.00    0.00    0.00   76.65
23時41分01秒  all   18.43    0.00    4.55    2.27    1.01    1.01    0.00    0.00    0.00   72.73
23時41分02秒  all   18.07    0.00    4.33    1.78    0.51    1.53    0.00    0.00    0.00   73.79
23時41分03秒  all   18.80    0.00    4.76    1.75    1.00    1.75    0.00    0.00    0.00   71.93
23時41分04秒  all   18.93    0.00    4.09    1.79    1.02    1.02    0.00    0.00    0.00   73.15
23時41分05秒  all   17.79    0.00    5.01    2.01    0.75    1.25    0.00    0.00    0.00   73.18
平均時間：  all   12.53    0.00    3.49    1.17    0.63    0.97    0.00    0.00    0.00   81.20
