Linux 4.18.0-553.139.1.el8_10.x86_64 (g-test-poc-3) 	07/14/26 	_x86_64_	(4 CPU)

16:26:08     CPU    %usr   %nice    %sys %iowait    %irq   %soft  %steal  %guest  %gnice   %idle
16:26:09     all    6.09    0.00    4.06    3.55    0.51    0.00    0.00    0.00    0.00   85.79
16:26:10     all    2.28    0.00    2.03    2.53    0.76    0.25    0.00    0.00    0.00   92.15
16:26:11     all    2.53    0.00    1.77    0.25    0.00    0.25    0.00    0.00    0.00   95.19
16:26:12     all   14.80    0.00    3.06    2.30    1.02    0.77    0.00    0.00    0.00   78.06
16:26:13     all   12.79    0.00    3.84    5.37    1.28    0.26    0.51    0.00    0.00   75.96
16:26:14     all    5.28    0.00    2.76    2.76    0.75    0.75    0.25    0.00    0.00   87.44
16:26:15     all    6.08    0.00    2.53    3.29    1.01    0.76    0.25    0.00    0.00   86.08
16:26:16     all    5.67    0.00    2.32    2.58    0.52    0.26    0.00    0.00    0.00   88.66
16:26:17     all    2.26    0.00    1.76    0.75    0.50    0.50    0.00    0.00    0.00   94.22
16:26:18     all    3.54    0.00    1.26    1.01    0.51    0.25    0.00    0.00    0.00   93.43
16:26:19     all    4.28    0.00    1.76    2.02    0.76    0.50    0.00    0.00    0.00   90.68
16:26:20     all    2.29    0.00    1.53    0.51    0.25    0.00    0.00    0.00    0.00   95.42
16:26:21     all    2.51    0.00    1.50    0.25    0.75    0.25    0.00    0.00    0.00   94.74
16:26:22     all    2.80    0.00    1.27    0.25    0.25    0.00    0.00    0.00    0.00   95.42
16:26:23     all    1.75    0.00    2.00    0.50    0.50    0.50    0.00    0.00    0.00   94.75
16:26:24     all    1.78    0.00    1.52    0.00    0.25    0.00    0.00    0.00    0.00   96.45
16:26:25     all    3.32    0.00    1.28    0.77    0.26    0.26    0.00    0.00    0.00   94.13
16:26:26     all    3.04    0.00    1.52    0.51    0.76    0.25    0.00    0.00    0.00   93.92
16:26:27     all    2.26    0.00    1.51    0.75    0.25    0.25    0.00    0.00    0.00   94.97
16:26:28     all    5.78    0.00    5.28    1.26    1.01    0.75    0.00    0.00    0.00   85.93
16:26:29     all    4.80    0.00    2.27    2.02    0.76    0.00    0.00    0.00    0.00   90.15
16:26:30     all    2.04    0.00    1.27    0.76    0.25    0.25    0.00    0.00    0.00   95.42
16:26:31     all    2.79    0.00    2.28    0.25    0.76    0.25    0.00    0.00    0.00   93.65
16:26:32     all    3.06    0.00    2.55    0.51    0.51    0.00    0.00    0.00    0.00   93.37
16:26:33     all    2.26    0.00    1.50    0.25    0.50    0.50    0.00    0.00    0.00   94.99
16:26:34     all    4.86    0.00    1.53    2.81    0.51    0.51    0.00    0.00    0.00   89.77
16:26:35     all   17.74    0.00    8.74   16.45    2.06    2.57    0.51    0.00    0.00   51.93
16:26:36     all   17.14    0.00    7.27   16.36    1.82    2.34    0.00    0.00    0.00   55.06
16:26:37     all   17.10    0.00    8.29   16.32    1.81    2.85    0.52    0.00    0.00   53.11
16:26:38     all   19.27    0.00    8.07   16.93    2.08    2.86    0.00    0.00    0.00   50.78
16:26:39     all   19.63    0.00    8.90   16.49    2.09    2.09    0.00    0.00    0.00   50.79
16:26:40     all   19.64    0.00    8.53   16.28    1.81    3.10    0.00    0.00    0.00   50.65
16:26:41     all   17.22    0.00    6.68   16.71    2.06    2.31    0.00    0.00    0.00   55.01
16:26:42     all   31.82    0.00    7.49   17.65    2.41    2.41    0.27    0.00    0.00   37.97
16:26:43     all   31.33    0.00    9.40   18.28    2.87    2.61    0.00    0.00    0.00   35.51
16:26:44     all   21.60    0.00    7.20   19.73    1.87    2.40    0.00    0.00    0.00   47.20
16:26:45     all   19.17    0.00    7.25   17.10    2.33    2.59    0.26    0.00    0.00   51.30
16:26:46     all   19.05    0.00    7.41   16.40    2.12    2.91    0.53    0.00    0.00   51.59
16:26:47     all   19.10    0.00    8.75   16.45    2.12    2.92    0.00    0.00    0.00   50.66
16:26:48     all   18.13    0.00    7.25   16.32    2.33    2.85    0.26    0.00    0.00   52.85
16:26:49     all   22.19    0.00    7.49   16.84    2.41    2.67    0.00    0.00    0.00   48.40
16:26:50     all   18.54    0.00    7.83   15.93    1.83    2.61    0.00    0.00    0.00   53.26
16:26:51     all   15.75    0.00    5.77   16.01    1.57    2.62    0.00    0.00    0.00   58.27
16:26:52     all   19.58    0.00    8.62   16.45    2.09    2.61    0.00    0.00    0.00   50.65
16:26:53     all   34.29    0.00    7.79   15.84    2.60    2.60    0.26    0.00    0.00   36.62
16:26:54     all   32.72    0.00    9.50   18.73    2.37    2.11    0.00    0.00    0.00   34.56
16:26:55     all   27.75    0.00    9.69   20.94    2.88    2.62    0.26    0.00    0.00   35.86
16:26:56     all   29.02    0.00    9.07   22.54    2.59    2.85    0.26    0.00    0.00   33.68
16:26:57     all   24.22    0.00    8.85   16.93    2.08    2.34    0.00    0.00    0.00   45.57
16:26:58     all   18.93    0.00    7.42   16.37    2.30    2.56    0.26    0.00    0.00   52.17
16:26:59     all   20.73    0.00    8.55   16.58    2.07    2.85    0.00    0.00    0.00   49.22
16:27:00     all   17.69    0.00    7.69   16.67    1.79    2.56    0.00    0.00    0.00   53.59
16:27:01     all   19.39    0.00    7.65   16.33    2.30    2.81    0.00    0.00    0.00   51.53
16:27:02     all   17.75    0.00    7.83   16.97    1.57    2.09    0.00    0.00    0.00   53.79
16:27:03     all   18.91    0.00    7.51   16.58    2.07    2.85    0.00    0.00    0.00   52.07
16:27:04     all   27.27    0.00    8.57   16.88    2.34    2.86    0.26    0.00    0.00   41.82
16:27:05     all   30.47    0.00    8.59   17.71    2.34    2.08    0.00    0.00    0.00   38.80
16:27:06     all   25.52    0.00    9.28   18.04    1.80    1.29    0.26    0.00    0.00   43.81
16:27:07     all   23.39    0.00    8.23   22.62    2.31    2.06    0.00    0.00    0.00   41.39
16:27:08     all   28.53    0.00    8.74   21.34    2.57    2.83    0.51    0.00    0.00   35.48
16:27:09     all   30.51    0.00   10.77   21.28    2.56    2.05    0.00    0.00    0.00   32.82
16:27:10     all   23.33    0.00    8.97   21.79    2.31    2.56    0.00    0.00    0.00   41.03
16:27:11     all   22.31    0.00    9.74   26.92    2.56    2.56    0.00    0.00    0.00   35.90
16:27:12     all   20.66    0.00    8.93   27.55    2.30    2.81    0.00    0.00    0.00   37.76
16:27:13     all   20.15    0.00    9.32   16.88    1.76    2.27    0.25    0.00    0.00   49.37
16:27:14     all   19.08    0.00    9.67   16.54    2.29    2.54    0.00    0.00    0.00   49.87
16:27:15     all   20.95    0.00    6.98   15.21    1.50    2.24    0.50    0.00    0.00   52.62
16:27:16     all   32.74    0.00    9.90   16.75    2.28    2.28    0.00    0.00    0.00   36.04
16:27:17     all   29.19    0.00    8.63   18.27    2.28    1.78    0.25    0.00    0.00   39.59
16:27:18     all   24.62    0.00    9.39   22.84    2.28    2.79    0.00    0.00    0.00   38.07
16:27:19     all   30.63    0.00    8.61   20.25    2.03    2.03    0.00    0.00    0.00   36.46
16:27:20     all   25.90    0.00    8.72   22.05    2.31    2.56    0.00    0.00    0.00   38.46
16:27:21     all   31.30    0.00    9.67   19.85    2.54    2.04    0.00    0.00    0.00   34.61
16:27:22     all   27.92    0.00    7.36   15.23    1.52    2.54    0.00    0.00    0.00   45.43
16:27:23     all   18.37    0.00    7.65   16.07    1.79    2.30    0.26    0.00    0.00   53.57
16:27:24     all   19.30    0.00    7.77   15.79    1.25    2.51    0.25    0.00    0.00   53.13
16:27:25     all   18.93    0.00    7.42   15.86    1.79    2.05    0.00    0.00    0.00   53.96
16:27:26     all   20.30    0.00    7.87   16.50    2.03    2.28    0.00    0.00    0.00   51.02
16:27:27     all   31.56    0.00    7.96   18.04    2.12    2.12    0.27    0.00    0.00   37.93
16:27:28     all   28.68    0.00    7.11   21.84    2.37    2.11    0.00    0.00    0.00   37.89
16:27:29     all   25.71    0.00    8.83   23.38    1.82    2.86    0.00    0.00    0.00   37.40
16:27:30     all   28.98    0.00    8.09   22.19    2.61    2.09    0.00    0.00    0.00   36.03
16:27:31     all   17.45    0.00    6.51   16.41    1.82    2.60    0.00    0.00    0.00   55.21
16:27:32     all   15.80    0.00    6.99   16.32    1.55    2.07    0.26    0.00    0.00   56.99
16:27:33     all   16.09    0.00    6.07   16.89    1.58    2.37    0.00    0.00    0.00   56.99
16:27:34     all   14.95    0.00    6.44   15.46    1.80    2.32    0.26    0.00    0.00   58.76
16:27:35     all   18.25    0.00    6.88   16.40    1.59    2.65    0.26    0.00    0.00   53.97
16:27:36     all   19.00    0.00    7.12   17.15    1.85    2.11    0.00    0.00    0.00   52.77
16:27:37     all   18.21    0.00    7.65   16.89    1.85    3.17    0.00    0.00    0.00   52.24
16:27:38     all   35.45    0.00    9.52   17.46    3.17    2.65    0.00    0.00    0.00   31.75
16:27:39     all   30.73    0.00    8.33   19.53    2.86    2.34    0.00    0.00    0.00   36.20
16:27:40     all   27.03    0.00    7.35   23.62    2.36    2.62    0.26    0.00    0.00   36.75
16:27:41     all   23.66    0.00   10.94   16.54    2.29    2.29    0.00    0.00    0.00   44.27
16:27:42     all   19.33    0.00    9.02   16.75    2.06    2.84    0.00    0.00    0.00   50.00
16:27:43     all   19.75    0.00   10.37   15.56    1.98    2.47    0.00    0.00    0.00   49.88
16:27:44     all   18.50    0.00   10.00   16.00    2.00    2.50    0.00    0.00    0.00   51.00
16:27:45     all   20.40    0.00    9.70   16.17    2.24    2.74    0.75    0.00    0.00   48.01
16:27:46     all   19.29    0.00   10.15   15.74    1.78    2.28    0.00    0.00    0.00   50.76
16:27:47     all   19.32    0.00    9.05   15.89    2.20    2.93    0.00    0.00    0.00   50.61
16:27:48     all   22.61    0.00    9.05   16.83    2.26    1.76    0.00    0.00    0.00   47.49
16:27:49     all   33.08    0.00   10.70   16.42    2.49    2.49    0.00    0.00    0.00   34.83
16:27:50     all   26.82    0.00   10.78   18.80    2.51    2.01    0.00    0.00    0.00   39.10
16:27:51     all   33.17    0.00   10.05   20.60    2.26    2.26    0.25    0.00    0.00   31.41
16:27:52     all   24.38    0.00   11.33   24.38    2.96    2.71    0.25    0.00    0.00   33.99
16:27:53     all   23.29    0.00   11.90   25.82    2.28    2.53    0.25    0.00    0.00   33.92
16:27:54     all   22.51    0.00   11.76   25.83    2.30    2.81    0.00    0.00    0.00   34.78
16:27:55     all   24.37    0.00   11.56   25.63    2.76    2.76    0.00    0.00    0.00   32.91
16:27:56     all   24.74    0.00    9.38   25.52    2.86    2.60    0.26    0.00    0.00   34.64
16:27:57     all   26.32    0.00   10.00   25.00    2.63    2.89    0.00    0.00    0.00   33.16
16:27:58     all   24.35    0.00   10.99   25.92    2.62    2.88    0.00    0.00    0.00   33.25
16:27:59     all   33.95    0.00   11.14   19.10    2.92    2.39    0.00    0.00    0.00   30.50
16:28:00     all   29.60    0.00    7.47   18.40    2.40    2.13    0.27    0.00    0.00   39.73
16:28:01     all   25.13    0.00    8.72   21.54    2.31    2.56    0.00    0.00    0.00   39.74
16:28:02     all   22.22    0.00    9.04   18.86    2.07    2.07    0.00    0.00    0.00   45.74
16:28:03     all   14.17    0.00    6.56   16.01    1.84    2.36    0.52    0.00    0.00   58.53
16:28:04     all   16.97    0.00    6.79   17.49    1.83    2.87    0.00    0.00    0.00   54.05
16:28:05     all   19.47    0.00    7.89   16.84    1.58    2.11    0.00    0.00    0.00   52.11
16:28:06     all   19.07    0.00    7.22   16.75    2.32    2.84    0.00    0.00    0.00   51.80
16:28:07     all   18.73    0.00    8.18   16.89    2.11    3.17    0.00    0.00    0.00   50.92
16:28:08     all   31.33    0.00   10.70   13.58    3.39    3.39    0.00    0.00    0.00   37.60
16:28:09     all   20.00    0.00    8.57   15.84    2.08    2.60    0.00    0.00    0.00   50.91
16:28:10     all   34.21    0.00    9.47   17.63    2.89    2.63    0.00    0.00    0.00   33.16
16:28:11     all   33.68    0.00    9.47   18.42    2.37    2.63    0.00    0.00    0.00   33.42
16:28:12     all   23.82    0.00    9.16   25.39    3.14    2.62    0.26    0.00    0.00   35.60
16:28:13     all   19.79    0.00    8.18   29.02    2.11    2.90    0.26    0.00    0.00   37.73
16:28:14     all   19.89    0.00    9.28   27.85    2.65    2.65    0.53    0.00    0.00   37.14
16:28:15     all   21.41    0.00   10.57   26.83    2.17    2.71    0.00    0.00    0.00   36.31
16:28:16     all   18.42    0.00    8.16   28.16    2.63    2.63    0.00    0.00    0.00   40.00
16:28:17     all   20.69    0.00    9.55   26.79    2.65    2.39    0.00    0.00    0.00   37.93
16:28:18     all   20.94    0.00   10.47   22.51    2.36    3.40    0.00    0.00    0.00   40.31
16:28:19     all   21.41    0.00    7.83   17.49    2.09    2.35    0.00    0.00    0.00   48.83
16:28:20     all   21.47    0.00    7.85   16.23    2.09    2.62    0.00    0.00    0.00   49.74
16:28:21     all   37.73    0.00    8.71   17.15    2.37    2.37    0.00    0.00    0.00   31.66
16:28:22     all   29.21    0.00    8.95   21.05    2.89    2.63    0.00    0.00    0.00   35.26
16:28:23     all   18.28    0.00    7.31   29.50    2.35    2.61    0.00    0.00    0.00   39.95
16:28:24     all   19.21    0.00    9.21   28.42    1.84    2.63    0.00    0.00    0.00   38.68
16:28:25     all   20.73    0.00   10.24   26.25    2.62    2.10    0.00    0.00    0.00   38.06
16:28:26     all   26.37    0.00   11.19   23.13    2.49    2.49    0.50    0.00    0.00   33.83
16:28:27     all   22.41    0.00   10.34   16.01    1.97    2.71    0.49    0.00    0.00   46.06
16:28:28     all   20.81    0.00    9.39   16.24    1.78    2.79    0.00    0.00    0.00   48.98
16:28:29     all   20.46    0.00    8.95   16.62    2.30    2.56    0.00    0.00    0.00   49.10
16:28:30     all   18.50    0.00    8.50   15.50    2.00    2.50    0.00    0.00    0.00   53.00
16:28:31     all   15.48    0.00    8.12   15.23    1.52    2.03    0.00    0.00    0.00   57.61
16:28:32     all   15.13    0.00    8.21   16.41    1.54    2.56    0.00    0.00    0.00   56.15
16:28:33     all   28.61    0.00    9.62   17.22    2.28    2.03    0.00    0.00    0.00   40.25
16:28:34     all   29.97    0.00    9.82   16.88    2.27    2.27    0.00    0.00    0.00   38.79
16:28:35     all   22.65    0.00    8.91   25.45    2.29    2.54    0.00    0.00    0.00   38.17
16:28:36     all   24.18    0.00   10.83   26.45    2.52    2.52    0.00    0.00    0.00   33.50
16:28:37     all   26.21    0.00   12.47   23.66    2.54    2.54    0.00    0.00    0.00   32.57
16:28:38     all   21.70    0.00    9.23   16.21    2.00    2.74    0.25    0.00    0.00   47.88
16:28:39     all   21.70    0.00    9.48   15.96    2.00    2.74    0.25    0.00    0.00   47.88
16:28:40     all   19.39    0.00    8.67   16.58    2.04    2.55    0.26    0.00    0.00   50.51
16:28:41     all   19.00    0.00    6.86   16.62    2.11    2.64    0.00    0.00    0.00   52.77
16:28:42     all   19.12    0.00    7.75   16.28    2.33    2.84    0.26    0.00    0.00   51.42
16:28:43     all   20.37    0.00    7.67   16.67    2.38    2.38    0.00    0.00    0.00   50.53
16:28:44     all   26.72    0.00    8.20   17.46    2.38    2.91    0.00    0.00    0.00   42.33
16:28:45     all   33.68    0.00    8.16   17.63    2.63    2.37    0.00    0.00    0.00   35.53
16:28:46     all   27.76    0.00   10.51   22.37    2.70    2.43    0.00    0.00    0.00   34.23
16:28:47     all   30.34    0.00   10.55   20.58    2.90    2.90    0.00    0.00    0.00   32.72
16:28:48     all   24.41    0.00    8.66   21.00    2.10    2.62    0.00    0.00    0.00   41.21
16:28:49     all   20.79    0.00    7.63   16.84    2.63    2.89    0.00    0.00    0.00   49.21
16:28:50     all   19.17    0.00    7.25   16.84    2.07    2.85    0.00    0.00    0.00   51.81
16:28:51     all   19.15    0.00    7.71   17.02    2.13    2.66    0.00    0.00    0.00   51.33
16:28:52     all   14.32    0.00    7.29   16.15    1.82    2.60    0.52    0.00    0.00   57.29
16:28:53     all   16.71    0.00    7.05   16.45    1.83    2.61    0.00    0.00    0.00   55.35
16:28:54     all   19.84    0.00    7.14   16.93    2.12    2.65    0.00    0.00    0.00   51.32
16:28:55     all   28.65    0.00    8.07   17.19    2.34    2.60    0.00    0.00    0.00   41.15
16:28:56     all   37.50    0.00   10.16   17.19    3.12    2.60    0.26    0.00    0.00   29.17
16:28:57     all   30.79    0.00   10.79   19.21    2.89    2.37    0.00    0.00    0.00   33.95
16:28:58     all   30.65    0.00    9.87   21.82    2.86    2.86    0.00    0.00    0.00   31.95
16:28:59     all   28.68    0.00    8.79   22.22    2.58    2.07    0.00    0.00    0.00   35.66
16:29:00     all   30.65    0.00    8.57   22.08    2.34    3.12    0.00    0.00    0.00   33.25
16:29:01     all   25.97    0.00    9.35   21.82    2.34    2.08    0.00    0.00    0.00   38.44
16:29:02     all   18.58    0.00    8.14   16.54    2.04    3.05    0.00    0.00    0.00   51.65
16:29:03     all   21.63    0.00    8.14   16.03    2.54    2.54    0.51    0.00    0.00   48.60
16:29:04     all   17.36    0.00    7.77   16.84    1.55    2.85    0.26    0.00    0.00   53.37
16:29:05     all   20.10    0.00    7.83   16.45    2.35    2.61    0.00    0.00    0.00   50.65
16:29:06     all   32.71    0.00    8.51   18.62    2.39    2.13    0.00    0.00    0.00   35.64
16:29:07     all   32.81    0.00   10.42   17.19    3.12    3.12    0.26    0.00    0.00   33.07
16:29:08     all   34.44    0.00   12.76   17.09    3.32    2.55    1.02    0.00    0.00   28.83
16:29:09     all   32.31    0.00   11.03   19.23    2.82    3.33    0.77    0.00    0.00   30.51
16:29:10     all   42.60    0.00    9.09   15.06    3.12    2.34    0.00    0.00    0.00   27.79
16:29:11     all   39.29    0.00   11.73   15.82    2.30    3.06    0.51    0.00    0.00   27.30
16:29:12     all   25.44    0.00   10.97   16.46    2.49    2.49    0.50    0.00    0.00   41.65
16:29:13     all   18.62    0.00   11.48   15.82    2.30    2.55    0.00    0.00    0.00   49.23
16:29:14     all   18.91    0.00    9.95   16.17    1.74    2.99    0.25    0.00    0.00   50.00
16:29:15     all   19.70    0.00   11.11   16.16    2.02    2.27    0.00    0.00    0.00   48.74
16:29:16     all   17.68    0.00    9.85   15.91    1.77    2.78    0.25    0.00    0.00   51.77
16:29:17     all   34.00    0.00   12.75   16.75    2.50    2.50    0.25    0.00    0.00   31.25
16:29:18     all   29.72    0.00   11.59   17.88    2.77    2.27    0.00    0.00    0.00   35.77
16:29:19     all   22.34    0.00   11.17   25.89    2.28    2.54    0.00    0.00    0.00   35.79
16:29:20     all   19.54    0.00   10.91   27.16    2.54    2.79    0.00    0.00    0.00   37.06
16:29:21     all   23.53    0.00   10.23   20.97    1.79    2.05    0.00    0.00    0.00   41.43
16:29:22     all   16.67    0.00   10.35   15.91    2.27    2.53    0.00    0.00    0.00   52.27
16:29:23     all   17.37    0.00    9.93   14.89    1.24    2.48    0.25    0.00    0.00   53.85
16:29:24     all   16.16    0.00    9.34   16.16    2.02    2.27    0.25    0.00    0.00   53.79
16:29:25     all   17.17    0.00    9.60   16.41    1.77    2.27    0.25    0.00    0.00   52.53
16:29:26     all   17.49    0.00    7.31   16.97    1.83    2.87    0.26    0.00    0.00   53.26
16:29:27     all   17.02    0.00    7.18   17.02    1.86    2.13    0.00    0.00    0.00   54.79
16:29:28     all   23.50    0.00    7.57   17.23    2.35    3.13    0.00    0.00    0.00   46.21
16:29:29     all   39.89    0.00    9.43   15.63    3.23    2.16    0.00    0.00    0.00   29.65
16:29:30     all   34.93    0.00   10.13   18.40    3.20    2.93    0.00    0.00    0.00   30.40
16:29:31     all   18.78    0.00    7.41   16.40    1.85    2.65    0.00    0.00    0.00   52.91
16:29:32     all   17.82    0.00    7.98   17.02    2.39    2.66    0.00    0.00    0.00   52.13
16:29:33     all   18.73    0.00    7.65   16.89    1.58    3.17    0.00    0.00    0.00   51.98
16:29:34     all   17.89    0.00    6.32   16.84    2.11    2.37    0.00    0.00    0.00   54.47
16:29:35     all   18.47    0.00    6.86   17.41    2.11    2.64    0.00    0.00    0.00   52.51
16:29:36     all   16.49    0.00    7.59   17.02    1.83    2.88    0.52    0.00    0.00   53.66
16:29:37     all   17.41    0.00    6.86   16.89    2.11    2.37    0.53    0.00    0.00   53.83
16:29:38     all   19.84    0.00    7.57   16.71    1.83    3.13    0.00    0.00    0.00   50.91
16:29:39     all   28.95    0.00    7.89   18.16    2.63    2.37    0.00    0.00    0.00   40.00
16:29:40     all   34.75    0.00    9.81   16.98    2.92    2.65    0.00    0.00    0.00   32.89
16:29:41     all   25.98    0.00    8.66   22.05    2.36    2.62    0.00    0.00    0.00   38.32
16:29:42     all   20.31    0.00    8.33   28.39    2.34    2.34    0.00    0.00    0.00   38.28
16:29:43     all   19.31    0.00   10.05   27.78    2.38    2.65    0.00    0.00    0.00   37.83
16:29:44     all   19.47    0.00   10.26   27.37    2.63    2.89    0.26    0.00    0.00   37.11
16:29:45     all   22.40    0.00   11.46   26.56    2.34    2.60    0.26    0.00    0.00   34.38
16:29:46     all   24.93    0.00    9.45   24.15    2.89    2.89    0.26    0.00    0.00   35.43
16:29:47     all   23.22    0.00    9.50   26.65    2.37    2.64    0.26    0.00    0.00   35.36
16:29:48     all   24.68    0.00   12.99   22.08    2.86    2.86    0.00    0.00    0.00   34.55
16:29:49     all   25.87    0.00    8.80   27.20    2.40    2.67    0.00    0.00    0.00   33.07
16:29:50     all   21.84    0.00   10.26   27.37    2.89    2.89    0.00    0.00    0.00   34.74
16:29:51     all   30.93    0.00    8.27   18.40    2.67    2.67    0.00    0.00    0.00   37.07
16:29:52     all   38.13    0.00    9.87   16.27    3.47    2.13    0.00    0.00    0.00   30.13
16:29:53     all   24.09    0.00    8.03   16.84    2.07    2.85    0.26    0.00    0.00   45.85
16:29:54     all   17.74    0.00    7.26   16.94    2.15    2.96    0.27    0.00    0.00   52.69
16:29:55     all   18.85    0.00    8.38   17.28    2.09    2.62    0.00    0.00    0.00   50.79
16:29:56     all   17.97    0.00    7.29   17.45    1.82    2.86    0.26    0.00    0.00   52.34
16:29:57     all   17.63    0.00    6.58   16.84    1.58    2.37    0.00    0.00    0.00   55.00
16:29:58     all   15.30    0.00    6.60   16.36    2.11    1.85    0.00    0.00    0.00   57.78
16:29:59     all   18.70    0.00    6.49   17.14    1.82    3.12    0.26    0.00    0.00   52.47
16:30:00     all   17.23    0.00    7.83   16.19    1.57    2.35    0.00    0.00    0.00   54.83
16:30:01     all   26.84    0.00    8.16   17.11    2.63    2.37    0.53    0.00    0.00   42.37
16:30:02     all   32.80    0.00    9.52   18.25    2.65    2.65    0.26    0.00    0.00   33.86
16:30:03     all   27.63    0.00    9.74   20.79    2.89    2.63    0.00    0.00    0.00   36.32
16:30:04     all   18.75    0.00    7.29   17.71    1.82    2.60    0.00    0.00    0.00   51.82
16:30:05     all   18.95    0.00    8.42   17.37    2.63    2.63    0.00    0.00    0.00   50.00
16:30:06     all   17.94    0.00    6.60   16.62    1.32    2.37    0.79    0.00    0.00   54.35
16:30:07     all   18.96    0.00    8.05   16.88    2.34    2.86    0.00    0.00    0.00   50.91
16:30:08     all   19.06    0.00    7.57   16.97    2.35    2.87    0.00    0.00    0.00   51.17
16:30:09     all   21.00    0.00    7.61   16.27    1.57    2.89    0.26    0.00    0.00   50.39
16:30:10     all   20.93    0.00    9.04   15.76    2.84    2.84    0.52    0.00    0.00   48.06
16:30:11     all   17.51    0.00    7.69   16.98    1.86    2.39    0.00    0.00    0.00   53.58
16:30:12     all   17.36    0.00    6.99   17.36    1.81    2.59    0.26    0.00    0.00   53.63
16:30:13     all   30.83    0.00    9.65   17.69    2.68    2.68    0.00    0.00    0.00   36.46
16:30:14     all   33.07    0.00    9.45   17.85    3.15    2.36    0.00    0.00    0.00   34.12
16:30:15     all   30.57    0.00   10.10   19.43    2.59    2.59    0.52    0.00    0.00   34.20
16:30:16     all   17.75    0.00    8.09   16.71    1.57    2.87    0.00    0.00    0.00   53.00
16:30:17     all   18.23    0.00    8.85   16.67    2.08    2.60    0.26    0.00    0.00   51.30
16:30:18     all   19.63    0.00    7.33   16.49    2.09    2.88    0.00    0.00    0.00   51.57
16:30:19     all   18.56    0.00    7.73   17.01    2.06    2.58    0.00    0.00    0.00   52.06
16:30:20     all   17.99    0.00    7.41   16.40    2.12    2.65    0.00    0.00    0.00   53.44
16:30:21     all   19.79    0.00    7.71   17.22    1.54    2.57    0.26    0.00    0.00   50.90
16:30:22     all   19.79    0.00    7.39   16.62    2.37    2.90    0.00    0.00    0.00   50.92
16:30:23     all   18.68    0.00    7.11   17.11    1.84    2.63    0.53    0.00    0.00   52.11
16:30:24     all   24.35    0.00    8.12   18.06    2.62    2.36    0.26    0.00    0.00   44.24
16:30:25     all   41.62    0.00   10.21   16.49    2.62    2.88    0.00    0.00    0.00   26.18
16:30:26     all   18.06    0.00    7.85   16.75    2.09    2.36    0.00    0.00    0.00   52.88
16:30:27     all   17.85    0.00    6.56   17.06    1.84    2.62    0.00    0.00    0.00   54.07
16:30:28     all   18.18    0.00    7.01   16.36    1.56    3.12    0.00    0.00    0.00   53.77
16:30:29     all   20.93    0.00    6.46   15.25    2.07    2.07    0.00    0.00    0.00   53.23
16:30:30     all   17.85    0.00    7.87   16.27    2.10    3.15    0.00    0.00    0.00   52.76
16:30:31     all   18.04    0.00    7.16   17.24    2.12    2.39    0.27    0.00    0.00   52.79
16:30:32     all   18.57    0.00    7.69   17.24    1.86    2.65    0.00    0.00    0.00   51.99
16:30:33     all   18.21    0.00    7.44   15.64    1.79    2.56    0.51    0.00    0.00   53.85
16:30:34     all   16.41    0.00    7.03   16.15    1.82    2.34    0.26    0.00    0.00   55.99
16:30:35     all   17.99    0.00    7.46   15.94    1.54    2.31    0.00    0.00    0.00   54.76
16:30:36     all   32.11    0.00    8.16   17.89    2.37    2.37    0.00    0.00    0.00   37.11
16:30:37     all   31.52    0.00    9.56   18.60    2.58    2.33    0.00    0.00    0.00   35.40
16:30:38     all   21.81    0.00    9.57   27.39    2.66    2.39    0.00    0.00    0.00   36.17
16:30:39     all   23.36    0.00    9.19   27.30    2.62    3.15    0.26    0.00    0.00   34.12
16:30:40     all   20.73    0.00   11.02   25.72    2.62    2.62    0.00    0.00    0.00   37.27
16:30:41     all   23.95    0.00   11.32   21.05    2.37    2.37    0.26    0.00    0.00   38.68
16:30:42     all   24.42    0.00    8.23   21.59    2.31    2.06    0.26    0.00    0.00   41.13
16:30:43     all   27.39    0.00    8.24   23.94    2.66    2.39    0.00    0.00    0.00   35.37
16:30:44     all   34.11    0.00    8.53   18.09    1.81    2.84    0.26    0.00    0.00   34.37
16:30:45     all   15.72    0.00    5.67   12.37    1.80    1.55    0.00    0.00    0.00   62.89
16:30:46     all   20.89    0.00    8.09   16.45    2.35    3.13    0.00    0.00    0.00   49.09
16:30:47     all   29.69    0.00    8.07   17.19    2.60    2.86    0.26    0.00    0.00   39.32
16:30:48     all   25.40    0.00    7.94   17.20    2.38    1.59    0.00    0.00    0.00   45.50
16:30:49     all   25.53    0.00    7.18   18.62    2.39    2.93    0.27    0.00    0.00   43.09
16:30:50     all   18.37    0.00    7.87   16.54    2.10    2.62    0.26    0.00    0.00   52.23
16:30:51     all   20.26    0.00    8.05   16.36    2.34    2.86    0.00    0.00    0.00   50.13
16:30:52     all   18.68    0.00    7.89   16.84    2.37    3.16    0.53    0.00    0.00   50.53
16:30:53     all   19.89    0.00    7.26   16.94    2.42    2.69    0.00    0.00    0.00   50.81
16:30:54     all   19.00    0.00    7.39   16.89    1.85    2.64    0.26    0.00    0.00   51.98
16:30:55     all   16.88    0.00    7.27   15.84    2.08    2.60    0.00    0.00    0.00   55.32
16:30:56     all   17.20    0.00    6.61   16.40    1.32    2.38    0.26    0.00    0.00   55.82
16:30:57     all   24.03    0.00    7.49   16.80    2.07    2.84    0.00    0.00    0.00   46.77
16:30:58     all   21.64    0.00    7.92   17.15    2.11    2.11    0.26    0.00    0.00   48.81
16:30:59     all   34.04    0.00    8.78   16.76    2.93    2.93    0.00    0.00    0.00   34.57
16:31:00     all   29.21    0.00    9.21   22.37    2.89    2.37    0.00    0.00    0.00   33.95
16:31:01     all   26.49    0.00    8.83   23.64    2.34    2.60    0.52    0.00    0.00   35.58
16:31:02     all   29.74    0.00   10.00   17.89    2.63    2.63    0.00    0.00    0.00   37.11
16:31:03     all   17.11    0.00    6.84   16.58    1.58    2.37    0.00    0.00    0.00   55.53
16:31:04     all   16.24    0.00    6.44   16.24    2.06    2.58    0.26    0.00    0.00   56.19
16:31:05     all   17.75    0.00    6.27   16.97    1.57    2.61    0.26    0.00    0.00   54.57
16:31:06     all   18.54    0.00    7.31   16.45    2.09    2.09    0.00    0.00    0.00   53.52
16:31:07     all   18.09    0.00    7.24   16.80    1.81    3.10    0.00    0.00    0.00   52.97
16:31:08     all   18.52    0.00    7.41   16.67    2.12    2.38    0.26    0.00    0.00   52.65
16:31:09     all   24.74    0.00    8.07   17.19    2.08    2.60    0.00    0.00    0.00   45.31
16:31:10     all   33.95    0.00    9.74   14.47    3.42    2.37    0.26    0.00    0.00   35.79
16:31:11     all   14.32    0.00    7.16   12.28    1.02    1.53    0.00    0.00    0.00   63.68
16:31:12     all   17.60    0.00    8.16   16.58    2.30    3.06    0.00    0.00    0.00   52.30
16:31:13     all   19.64    0.00    9.82   15.50    1.81    2.33    0.52    0.00    0.00   50.39
Average:     all   21.41    0.00    8.08   17.11    2.09    2.37    0.11    0.00    0.00   48.82
