procs -----------memory---------- ---swap-- -----io---- -system-- ------cpu-----
 r  b   swpd   free   buff  cache   si   so    bi    bo   in   cs us sy id wa st
 7  0    256 208840   7420 7338152    0    0     0     1    1    0  0  0 100  0  0
 0  0    256 192220   7420 7338216    0    0     0     0 13755 12527  4  3 93  0  0
 0  0    256 192856   7420 7338224    0    0     0     0 10703 10566  1  2 97  0  0
 0  0    256 186848   7420 7338168    0    0     0     0 22946 21628  2  5 94  0  0
 1  0    256 186288   7420 7338228    0    0     0   156 28119 28076  3  6 91  0  0
 2  0    256 185132   7420 7338228    0    0     0     0 27525 28336  3  5 92  0  0
 1  0    256 184560   7420 7338244    0    0     0     0 26045 27532  2  5 93  0  0
 2  0    256 184408   7420 7338268    0    0     0    23 24340 25168  3  6 91  0  0
 0  0    256 184128   7420 7338268    0    0     0     0 21131 22383  2  4 94  0  0
 0  0    256 183984   7420 7338276    0    0     0     0 20339 21508  3  4 93  0  0
 1  0    256 180980   7420 7338288    0    0     0     0 19524 20326  3  5 92  0  0
 0  0    256 182732   7420 7338312    0    0     0     0 16146 17582  2  4 95  0  0
 2  0    256 182456   7420 7338312    0    0     0     0 17342 18716  2  3 95  0  0
 0  0    256 182040   7420 7338312    0    0     0     0 15850 17154  1  3 96  0  0
 0  0    256 181908   7420 7338340    0    0     0    30 12950 14205  2  3 95  0  0
 0  0    256 181900   7420 7338340    0    0     0     0 11739 12965  1  2 97  0  0
 0  0    256 181624   7420 7338340    0    0     0     0 11787 13147  1  3 96  0  0
 0  0    256 157260   7420 7338348    0    0     0    33 11118 12115  4  3 93  0  0
 0  0    256 156980   7420 7338352    0    0     0     0 8015 8979  1  2 97  0  0
 0  0    256 157040   7420 7338352    0    0     0     0 5396 6019  1  1 98  0  0
 0  0    256 157056   7420 7338352    0    0     0     0 5209 6314  1  1 98  0  0
procs -----------memory---------- ---swap-- -----io---- -system-- ------cpu-----
 r  b   swpd   free   buff  cache   si   so    bi    bo   in   cs us sy id wa st
 0  0    256 156916   7420 7338388    0    0     0     0 5729 6647  1  2 97  0  0
 0  0    256 156400   7420 7338388    0    0     0    26 6094 6974  1  2 97  0  0
 1  0    256 156384   7420 7338396    0    0     0     0 5528 6295  1  1 98  0  0
 0  0    256 156280   7420 7338412    0    0     0     0 6450 7264  1  2 97  0  0
 1  0    256 156092   7420 7338412    0    0     0     0 5175 5955  0  1 99  0  0
 0  0    256 157160   7420 7338412    0    0     0     0 5607 6448  1  1 98  0  0
 0  0    256 156680   7420 7338416    0    0     0    26 5060 6000  1  1 98  0  0
 0  0    256 156856   7420 7338436    0    0     0     0 5916 6661  1  2 97  0  0
 0  0    256 156680   7420 7338436    0    0     0   199 5719 6381  0  2 98  0  0
 1  0    256 156744   7420 7338436    0    0     0     0 5372 6034  1  1 98  0  0
 3  0    256 157096   7420 7338452    0    0     0    24 5910 6725  1  2 97  0  0
 0  0    256 156876   7420 7338460    0    0     0     0 4464 5230  1  1 99  0  0
 0  0    256 156976   7420 7338460    0    0     0     0 5691 6138  0  1 99  0  0
 0  0    256 156520   7420 7338460    0    0     0     0 6244 6728  1  2 97  0  0
 0  0    256 180384   7420 7338476    0    0     0   396 6007 6468  7  3 91  0  0
 0  0    256 180736   7420 7338476    0    0     0     0 5573 6261  0  2 98  0  0
 0  0    256 180524   7420 7338476    0    0     0     0 5414 6363  1  1 98  0  0
 0  0    256 180716   7420 7338488    0    0     0    38 5981 6711  1  2 97  0  0
 0  0    256 181212   7420 7338488    0    0     0     0 5731 6375  1  1 98  0  0
 0  0    256 180748   7420 7338496    0    0     0    32 5902 6213  1  1 98  0  0
 0  0    256 181104   7420 7338516    0    0     0     0 6041 6771  1  2 97  0  0
procs -----------memory---------- ---swap-- -----io---- -system-- ------cpu-----
 r  b   swpd   free   buff  cache   si   so    bi    bo   in   cs us sy id wa st
 1  0    256 180924   7420 7338520    0    0     0     0 5400 6307  1  2 98  0  0
 0  0    256 180668   7420 7338524    0    0     0     0 5374 6318  0  1 99  0  0
 0  0    256 179896   7420 7338528    0    0     0    18 5217 6007  1  1 98  0  0
 0  0    256 180900   7420 7338536    0    0     0     0 5904 6817  1  2 97  0  0
 0  0    256 180748   7420 7338536    0    0     0     0 5784 6465  1  1 98  0  0
 0  0    256 180560   7420 7338536    0    0     0     0 5530 6332  1  1 98  0  0
 0  0    256 181896   7420 7338544    0    0     0    26 6098 6827  2  2 96  0  0
 0  0    256 182292   7420 7338548    0    0     0     0 5494 6394  0  2 98  0  0
 0  0    256 182272   7420 7338548    0    0     0    12 5529 6312  1  1 98  0  0
 0  0    256 179920   7420 7338556    0    0     0     0 5660 6365  1  2 97  0  0
 0  0    256 181564   7420 7338564    0    0     0     0 5983 6881  1  2 98  0  0
 1  0    256 181408   7420 7338576    0    0     0     0 5419 6381  1  1 99  0  0
 0  0    256 181420   7420 7338576    0    0     0     0 5222 6012  1  2 98  0  0
 0  0    256 181296   7420 7338596    0    0     0    27 5858 6554  1  2 97  0  0
 0  0    256 181300   7420 7338596    0    0     0     0 4889 5610  0  2 98  0  0
 0  0    256 181208   7420 7338596    0    0     0     0 5407 6016  1  1 98  0  0
 1  0    256 180868   7420 7338600    0    0     0     0 5365 6015  1  2 96  0  0
 0  0    256 180716   7420 7338600    0    0     0   200 4591 5356  1  1 99  0  0
 1  0    256 180932   7420 7338600    0    0     0     0 5463 6293  1  2 97  0  0
 0  0    256 180712   7420 7338604    0    0     0     0 4880 5776  1  1 98  0  0
 0  0    256 180332   7420 7338616    0    0     0    24 5632 6336  1  2 97  0  0
procs -----------memory---------- ---swap-- -----io---- -system-- ------cpu-----
 r  b   swpd   free   buff  cache   si   so    bi    bo   in   cs us sy id wa st
 0  0    256 180540   7420 7338616    0    0     0     0 5090 6108  1  1 98  0  0
 0  0    256 180516   7420 7338620    0    0     0     0 4966 5738  0  2 98  0  0
 1  0    256 178360   7420 7338628    0    0     0     0 5996 6332  1  2 97  0  0
 0  0    256 180424   7420 7338636    0    0     0   102 5870 6654  1  2 97  0  0
 0  0    256 180556   7420 7338640    0    0     0     0 5482 6257  1  1 99  0  0
 1  0    256 180808   7420 7338640    0    0     0     0 5314 5780  1  1 98  0  0
 0  0    256 180936   7420 7338640    0    0     0     0 5965 6522  1  3 96  0  0
 0  0    256 181004   7420 7338652    0    0     0     0 5747 6345  1  2 98  0  0
 0  0    256 180664   7420 7338652    0    0     0    64 5120 5916  1  1 99  0  0
 2  0    256 180480   7420 7338656    0    0     0    27 5743 6737  1  2 97  0  0
 1  0    256 180656   7420 7338660    0    0     0     0 5054 5765  1  1 98  0  0
 0  0    256 180920   7420 7338664    0    0     0     0 5257 5779  1  1 98  0  0
 0  0    256 180800   7420 7338664    0    0     0     0 5040 5755  1  1 98  0  0
 0  0    256 180720   7420 7338676    0    0     0    36 5775 6488  1  2 96  0  0
 1  0    256 177036   7420 7338676    0    0     0     0 5731 6321  1  2 97  0  0
 0  0    256 157696   7420 7338680    0    0     0     4 5598 6119  3  2 96  0  0
 1  0    256 155616   7420 7338692    0    0     0    18 6230 6910  1  2 96  0  0
 0  0    256 155876   7420 7338696    0    0     0     0 4992 5765  1  1 98  0  0
 1  0    256 155720   7420 7338704    0    0     0     0 5115 5796  1  1 98  0  0
 0  0    256 155448   7420 7338704    0    0     0     0 5333 5988  1  1 98  0  0
 0  0    256 155840   7420 7338720    0    0     0    26 5677 6389  1  2 97  0  0
procs -----------memory---------- ---swap-- -----io---- -system-- ------cpu-----
 r  b   swpd   free   buff  cache   si   so    bi    bo   in   cs us sy id wa st
 0  0    256 155568   7420 7338720    0    0     0     0 5366 5820  1  2 98  0  0
 0  0    256 155672   7420 7338724    0    0     0     0 5201 5892  0  1 98  0  0
 0  0    256 156092   7420 7338732    0    0     0     0 6087 6824  2  2 96  0  0
 0  0    256 156372   7420 7338748    0    0     0     0 5596 6296  1  2 98  0  0
 0  0    256 156356   7420 7338748    0    0     0     0 5241 6007  1  2 97  0  0
 0  0    256 155672   7420 7338752    0    0     0   172 5276 6091  1  1 98  0  0
 0  0    256 155672   7420 7338776    0    0     0    18 5674 6368  1  2 97  0  0
 0  0    256 155468   7420 7338776    0    0     0     4 5044 5833  0  1 98  0  0
 1  0    256 155716   7420 7338776    0    0     0     0 5918 6547  1  1 98  0  0
 0  0    256 155888   7420 7338780    0    0     0     0 6092 6896  1  3 96  0  0
 0  0    256 156176   7420 7338784    0    0     0     0 5072 6029  1  1 98  0  0
 0  0    256 155960   7420 7338788    0    0     0     0 4996 5717  1  2 98  0  0
 0  0    256 178740   7420 7338788    0    0     0   313 5970 6260  7  3 90  0  0
 0  0    256 180200   7420 7338796    0    0     0     0 5645 6230  1  2 97  0  0
 1  0    256 180320   7420 7338800    0    0     0     0 5386 5725  0  2 98  0  0
 0  0    256 180332   7420 7338800    0    0     0     0 5554 6287  1  2 98  0  0
 0  0    256 180488   7420 7338808    0    0     0    26 6245 6959  2  2 96  0  0
 0  0    256 180436   7420 7338812    0    0     0     0 5360 5989  1  1 98  0  0
 0  0    256 180320   7420 7338812    0    0     0    52 5078 5894  1  1 98  0  0
 0  0    256 178612   7420 7338812    0    0     0     0 5787 6581  1  2 98  0  0
 0  0    256 180524   7420 7338836    0    0     0     0 5953 6846  1  2 97  0  0
procs -----------memory---------- ---swap-- -----io---- -system-- ------cpu-----
 r  b   swpd   free   buff  cache   si   so    bi    bo   in   cs us sy id wa st
 2  0    256 180216   7420 7338836    0    0     0     0 5409 6216  1  1 98  0  0
 0  0    256 180348   7420 7338840    0    0     0     0 5545 6319  1  1 98  0  0
 0  0    256 180460   7420 7338844    0    0     0    96 6433 7343  1  2 97  0  0
 1  0    256 180744   7420 7338848    0    0     0     0 5587 6477  1  1 98  0  0
 1  0    256 180556   7420 7338848    0    0     0     0 5740 6237  1  1 98  0  0
 1  0    256 179704   7420 7338856    0    0     0     0 5959 6631  2  2 96  0  0
 0  0    256 180064   7420 7338864    0    0     0     0 5442 6476  0  1 98  0  0
 0  0    256 179912   7420 7338864    0    0     0    40 5485 6293  1  1 98  0  0
 0  0    256 178756   7420 7338872    0    0     0    12 6331 6798  1  2 98  0  0
 0  0    256 180312   7420 7338876    0    0     0     0 6266 7021  1  2 97  0  0
 1  0    256 180068   7420 7338876    0    0     0     0 5184 6207  1  2 98  0  0
 0  0    256 180096   7420 7338884    0    0     0     0 5205 6368  1  1 98  0  0
 0  0    256 179956   7420 7338892    0    0     0    26 6266 7051  2  2 96  0  0
 0  0    256 180616   7420 7338900    0    0     0     0 5137 6115  1  1 98  0  0
 2  0    256 180740   7420 7338900    0    0     0   200 5265 6268  0  2 98  0  0
 0  0    256 179416   7420 7338900    0    0     0     0 5184 6210  1  1 98  0  0
 0  0    256 180328   7420 7338916    0    0     0     0 6064 6800  1  2 96  0  0
 0  0    256 180364   7420 7338916    0    0     0   136 5734 6643  1  1 99  0  0
 0  0    256 180172   7420 7338916    0    0     0     0 5377 6430  1  1 98  0  0
 0  0    256 180200   7420 7338920    0    0     0    20 5847 6690  1  2 97  0  0
 0  0    256 180472   7420 7338928    0    0     0     0 5604 6007  1  1 98  0  0
procs -----------memory---------- ---swap-- -----io---- -system-- ------cpu-----
 r  b   swpd   free   buff  cache   si   so    bi    bo   in   cs us sy id wa st
 0  0    256 180484   7420 7338928    0    0     0     0 5247 6041  0  1 99  0  0
 0  0    256 179072   7420 7338936    0    0     0     0 5451 6352  1  1 98  0  0
 0  0    256 180012   7420 7338944    0    0     0     0 6107 6529  1  3 97  0  0
 0  0    256 180104   7420 7338952    0    0     0     0 5175 6231  1  1 98  0  0
 1  0    256 179792   7420 7338952    0    0     0     0 5503 6382  1  1 98  0  0
 0  0    256 177544   7420 7338968    0    0     0    31 5815 6656  1  2 97  0  0
 1  0    256 179672   7420 7338964    0    0     0     0 5671 6426  1  1 98  0  0
 0  0    256 179564   7420 7338968    0    0     0     0 5303 6253  1  1 99  0  0
 0  0    256 179720   7420 7338972    0    0     0     0 5589 6365  1  1 98  0  0
 0  0    256 179836   7420 7338980    0    0     0    26 6305 7001  1  2 97  0  0
 0  0    256 180144   7420 7338988    0    0     0     0 5741 6402  1  1 98  0  0
 0  0    256 157816   7420 7338992    0    0     0     4 5789 6559  3  2 96  0  0
 0  0    256 157660   7420 7338992    0    0     0     0 5457 6273  0  1 98  0  0
 0  0    256 154764   7420 7339020    0    0     0     0 5905 6598  2  2 96  0  0
 0  0    256 154844   7420 7339020    0    0     0     0 5817 6645  1  1 99  0  0
 0  0    256 154864   7420 7339024    0    0     0     0 5788 6734  0  2 98  0  0
 0  0    256 154240   7420 7339032    0    0     0     0 6161 6970  0  1 98  0  0
 1  0    256 155216   7420 7339044    0    0     0    30 6389 7317  1  2 97  0  0
 0  0    256 154940   7420 7339044    0    0     0     0 5683 6192  1  1 98  0  0
 0  0    256 155156   7420 7339044    0    0     0     0 5713 6479  0  1 98  0  0
 0  0    256 155212   7420 7339044    0    0     0     0 6514 7173  1  2 97  0  0
procs -----------memory---------- ---swap-- -----io---- -system-- ------cpu-----
 r  b   swpd   free   buff  cache   si   so    bi    bo   in   cs us sy id wa st
 0  0    256 155516   7420 7339052    0    0     0     0 5092 6006  0  1 98  0  0
 1  0    256 155404   7420 7339056    0    0     0     0 5133 6169  1  1 98  0  0
 0  0    256 155384   7420 7339056    0    0     0     0 5463 6377  1  1 98  0  0
 0  0    256 154440   7420 7339072    0    0     0   166 5956 6926  1  2 96  0  0
 1  0    256 154444   7420 7339076    0    0     0     0 5089 5886  1  1 98  0  0
 0  0    256 154572   7420 7339076    0    0     0     0 5502 6369  0  1 99  0  0
 0  0    256 152940   7420 7339080    0    0     0    76 5836 6662  1  1 98  0  0
 1  0    256 155212   7420 7339100    0    0     0    27 5772 6648  1  2 97  0  0
 0  0    256 178600   7420 7339100    0    0     0   272 5949 6508  7  3 91  0  0
 0  0    256 179324   7420 7339104    0    0     0     0 5621 6414  1  2 98  0  0
 0  0    256 179140   7420 7339104    0    0     0     0 6385 7002  1  2 97  0  0
 0  0    256 179340   7420 7339116    0    0     0    36 5453 6256  1  2 98  0  0
 0  0    256 179360   7420 7339120    0    0     0     0 5698 6425  1  1 98  0  0
 0  0    256 177360   7420 7339136    0    0     0    29 6110 6936  1  2 98  0  0
 0  0    256 179492   7420 7339132    0    0     0     0 5866 6585  1  2 97  0  0
 0  0    256 179364   7420 7339140    0    0     0     0 5600 6374  1  1 98  0  0
 0  0    256 179060   7420 7339140    0    0     0    16 5425 6438  0  1 99  0  0
 0  0    256 179520   7420 7339148    0    0     0     0 6021 6707  1  2 97  0  0
 0  0    256 179456   7420 7339148    0    0     0     0 5264 5990  1  1 98  0  0
 0  0    256 179460   7420 7339148    0    0     0     0 5430 6200  0  2 98  0  0
 1  0    256 179144   7420 7339156    0    0     0    24 6006 6745  1  2 97  0  0
procs -----------memory---------- ---swap-- -----io---- -system-- ------cpu-----
 r  b   swpd   free   buff  cache   si   so    bi    bo   in   cs us sy id wa st
 0  0    256 179364   7420 7339172    0    0     0     0 5734 6431  1  2 98  0  0
 0  0    256 179272   7420 7339176    0    0     0    16 5092 6016  0  1 99  0  0
 1  0    256 177636   7420 7339176    0    0     0     0 5590 6436  1  1 98  0  0
 0  0    256 178896   7420 7339188    0    0     0    28 6217 6713  1  2 97  0  0
 0  0    256 178796   7420 7339188    0    0     0     0 5554 6511  1  1 98  0  0
 0  0    256 179048   7420 7339188    0    0     0     0 5600 6515  1  1 98  0  0
 0  0    256 179188   7420 7339208    0    0     0     0 5750 6531  1  3 96  0  0
 0  0    256 179476   7420 7339208    0    0     0     0 5221 5958  1  1 98  0  0
 0  0    256 179296   7420 7339208    0    0     0     0 5277 6141  1  1 98  0  0
 0  0    256 177356   7420 7339212    0    0     0    26 5869 6671  1  2 98  0  0
 0  0    256 179132   7420 7339220    0    0     0     0 5364 6072  1  2 97  0  0
 1  0    256 179256   7420 7339224    0    0     0   148 5424 6150  0  1 98  0  0
 0  0    256 179456   7420 7339232    0    0     0   170 5196 5947  1  1 98  0  0
 0  0    256 179704   7420 7339236    0    0     0     0 6139 6727  1  2 97  0  0
 0  0    256 179612   7420 7339252    0    0     0     0 5443 6353  1  1 98  0  0
 0  0    256 179708   7420 7339252    0    0     0     0 5150 6102  1  2 98  0  0
 0  0    256 179016   7420 7339260    0    0     0    27 6094 6723  1  2 97  0  0
 0  0    256 179236   7420 7339264    0    0     0     0 5522 6354  1  1 98  0  0
 0  0    256 179236   7420 7339264    0    0     0     0 5141 5952  0  1 98  0  0
 1  0    256 177736   7420 7339264    0    0     0     0 4872 5762  1  1 98  0  0
 0  0    256 179532   7420 7339272    0    0     0    23 5511 6207  1  2 97  0  0
procs -----------memory---------- ---swap-- -----io---- -system-- ------cpu-----
 r  b   swpd   free   buff  cache   si   so    bi    bo   in   cs us sy id wa st
 0  0    256 179540   7420 7339272    0    0     0     0 5244 5938  1  2 98  0  0
 0  0    256 179144   7420 7339276    0    0     0     0 5234 6052  0  1 99  0  0
 0  0    256 178768   7420 7339284    0    0     0     0 5832 6510  2  2 97  0  0
 0  0    256 178560   7420 7339284    0    0     0     0 5610 6365  1  1 98  0  0
 0  0    256 178936   7420 7339288    0    0     0     0 5587 6418  1  1 98  0  0
 1  0    256 177492   7420 7339300    0    0     0    27 5515 6435  1  2 97  0  0
 0  0    256 179300   7420 7339304    0    0     0     0 5937 6568  1  2 97  0  0
 0  0    256 178988   7420 7339304    0    0     0     0 5152 6044  1  1 98  0  0
 0  0    256 156488   7420 7339304    0    0     0     4 5708 6346  3  2 95  0  0
 0  0    256 154684   7420 7339312    0    0     0     0 5744 6554  1  2 97  0  0
 0  0    256 154796   7420 7339320    0    0     0     0 5205 6068  1  2 98  0  0
 0  0    256 154656   7420 7339320    0    0     0     0 5832 6353  1  1 98  0  0
 0  0    256 153924   7420 7339332    0    0     0    34 5795 6299  1  2 98  0  0
 0  0    256 154984   7420 7339360    0    0     0     0 5922 6896  1  2 97  0  0
 0  0    256 155116   7420 7339364    0    0     0     0 5082 6077  1  1 98  0  0
 0  0    256 154956   7420 7339364    0    0     0     0 5615 6178  1  1 98  0  0
 0  0    256 155008   7420 7339364    0    0     0    26 5817 6519  1  2 97  0  0
 0  0    256 154432   7420 7339372    0    0     0     0 5627 6414  1  1 98  0  0
 1  0    256 155220   7420 7339380    0    0     0     0 5067 5948  1  2 98  0  0
 2  0    256 154776   7420 7339380    0    0     0     0 5167 6225  1  1 97  0  0
 0  0    256 154620   7420 7339392    0    0     0     0 5747 6555  1  2 97  0  0
procs -----------memory---------- ---swap-- -----io---- -system-- ------cpu-----
 r  b   swpd   free   buff  cache   si   so    bi    bo   in   cs us sy id wa st
 0  0    256 154592   7420 7339392    0    0     0   208 5101 5913  1  2 98  0  0
 0  0    256 154624   7420 7339400    0    0     0     0 5002 5752  1  1 98  0  0
 0  0    256 154736   7420 7339400    0    0     0    21 6073 7001  2  2 97  0  0
 1  0    256 154812   7420 7339412    0    0     0     0 5955 6720  1  2 98  0  0
 0  0    256 154696   7420 7339412    0    0     0     0 5564 6432  1  1 98  0  0
 0  0    256 155052   7420 7339432    0    0     0    92 6560 7012  2  3 95  0  0
 0  0    256 178400   7420 7339432    0    0     0   272 6292 6637  6  3 91  0  0
 0  0    256 178268   7420 7339432    0    0     0     0 5371 6113  1  1 98  0  0
 1  0    256 177280   7420 7339436    0    0     0     0 5247 5945  1  1 98  0  0
 0  0    256 178516   7420 7339444    0    0     0    34 5981 6633  1  3 96  0  0
 0  0    256 178572   7420 7339448    0    0     0     0 5218 5969  1  2 98  0  0
 0  0    256 178604   7420 7339448    0    0     0     0 5344 6143  1  1 98  0  0
 0  0    256 178668   7420 7339452    0    0     0    27 6092 6968  1  3 96  0  0
 0  0    256 178684   7420 7339484    0    0     0     0 5395 6255  1  1 98  0  0
 0  0    256 178580   7420 7339484    0    0     0     0 5215 6068  1  1 98  0  0
 0  0    256 178912   7420 7339484    0    0     0   136 5543 6505  1  2 97  0  0
 0  0    256 178360   7420 7339492    0    0     0     0 6000 6891  1  2 97  0  0
 0  0    256 178268   7420 7339492    0    0     0     0 5583 6524  1  1 98  0  0
 0  0    256 178268   7420 7339496    0    0     0     0 5472 6187  1  2 98  0  0
 1  0    256 178680   7420 7339496    0    0     0    30 6294 7090  2  2 96  0  0
 1  0    256 178972   7420 7339504    0    0     0     0 5618 6436  1  1 98  0  0
procs -----------memory---------- ---swap-- -----io---- -system-- ------cpu-----
 r  b   swpd   free   buff  cache   si   so    bi    bo   in   cs us sy id wa st
 0  0    256 178944   7420 7339508    0    0     0    68 5333 6036  1  2 98  0  0
 1  0    256 177244   7420 7339520    0    0     0     0 5424 6179  1  1 98  0  0
 0  0    256 179228   7420 7339524    0    0     0     0 6013 6708  1  2 97  0  0
 0  0    256 179448   7420 7339528    0    0     0     0 5396 6163  1  1 98  0  0
 0  0    256 179412   7420 7339528    0    0     0     0 5151 5970  1  1 98  0  0
 0  0    256 179508   7420 7339540    0    0     0   100 5922 6514  1  2 97  0  0
 0  0    256 179444   7420 7339540    0    0     0     0 4964 5811  1  2 98  0  0
 2  0    256 179292   7420 7339544    0    0     0     0 4738 5585  1  1 99  0  0
 0  0    256 177388   7420 7339556    0    0     0     0 6131 7021  1  2 96  0  0
 0  0    256 179260   7420 7339560    0    0     0   218 5124 5937  1  1 98  0  0
 0  0    256 179620   7420 7339560    0    0     0     0 5354 6002  1  1 98  0  0
 0  0    256 179524   7420 7339564    0    0     0    76 5251 6260  1  1 98  0  0
 0  0    256 179612   7420 7339580    0    0     0     0 6259 7002  2  2 97  0  0
 1  0    256 179456   7420 7339580    0    0     0     0 4711 5802  1  2 98  0  0
 1  0    256 179612   7420 7339588    0    0     0     0 5245 6116  1  1 98  0  0
 0  0    256 179628   7420 7339592    0    0     0    28 5951 6810  2  2 96  0  0
 0  0    256 179484   7420 7339600    0    0     0    76 5523 6446  0  1 98  0  0
 0  0    256 179548   7420 7339600    0    0     0     0 5522 6481  1  1 98  0  0
 0  0    256 177996   7420 7339604    0    0     0     0 5535 6259  1  2 98  0  0
 0  0    256 178916   7420 7339612    0    0     0     0 5474 6443  1  2 97  0  0
 0  0    256 179156   7420 7339616    0    0     0     0 5546 6456  1  1 98  0  0
procs -----------memory---------- ---swap-- -----io---- -system-- ------cpu-----
 r  b   swpd   free   buff  cache   si   so    bi    bo   in   cs us sy id wa st
 0  0    256 179140   7420 7339616    0    0     0     0 5899 6777  0  1 98  0  0
 0  0    256 179436   7420 7339624    0    0     0    89 6373 7388  1  2 97  0  0
 0  0    256 179476   7420 7339628    0    0     0     0 5832 6709  1  1 98  0  0
 1  0    256 179452   7420 7339628    0    0     0     0 5781 6641  1  1 98  0  0
 0  0    256 177740   7420 7339628    0    0     0     0 6045 6568  1  2 98  0  0
 0  0    256 179296   7420 7339640    0    0     0    31 6237 7171  1  2 97  0  0
 0  0    256 156480   7420 7339640    0    0     0     4 5544 6311  3  2 95  0  0
 0  0    256 156684   7420 7339644    0    0     0     0 5527 6095  0  1 99  0  0
 0  0    256 154684   7420 7339652    0    0     0     0 5896 6581  1  3 96  0  0
 0  0    256 155056   7420 7339656    0    0     0     0 5777 6443  1  1 98  0  0
 0  0    256 154920   7420 7339656    0    0     0     0 5561 6414  1  1 98  0  0
 1  0    256 154000   7420 7339668    0    0     0   110 6076 6876  1  2 97  0  0
 0  0    256 154120   7420 7339676    0    0     0     0 5641 6439  1  1 98  0  0
 0  0    256 154120   7420 7339676    0    0     0     0 5307 6345  1  1 98  0  0
 0  0    256 154188   7420 7339680    0    0     0     0 5445 6354  1  2 98  0  0
 2  0    256 154400   7420 7339684    0    0     0     0 6111 7073  1  2 96  0  0
 0  0    256 154336   7420 7339696    0    0     0    80 5748 6391  1  1 98  0  0
 0  0    256 154480   7420 7339700    0    0     0     0 5350 6353  1  1 99  0  0
 0  0    256 154076   7420 7339720    0    0     0   241 6316 7189  1  3 96  0  0
 0  0    256 154372   7420 7339728    0    0     0     0 5199 6136  1  1 99  0  0
 0  0    256 154128   7420 7339728    0    0     0     0 5562 6590  1  1 98  0  0
procs -----------memory---------- ---swap-- -----io---- -system-- ------cpu-----
 r  b   swpd   free   buff  cache   si   so    bi    bo   in   cs us sy id wa st
 0  0    256 153936   7420 7339732    0    0     0     0 6092 7007  1  1 98  0  0
 0  0    256 153256   7420 7339736    0    0     0   104 6109 7087  1  2 97  0  0
 0  0    256 153552   7420 7339748    0    0     0     0 5560 6440  1  1 98  0  0
 0  0    256 177932   7420 7339728    0    0     0   272 6288 6674  6  3 91  0  0
 0  0    256 178440   7420 7339756    0    0     0     0 6319 7132  1  2 97  0  0
 0  0    256 178492   7420 7339768    0    0     0     0 5520 6290  1  1 98  0  0
 0  0    256 178592   7420 7339772    0    0     0     0 5288 6060  1  1 98  0  0
 0  0    256 176764   7420 7339792    0    0     0    40 5664 6322  1  2 97  0  0
 0  0    256 178448   7420 7339788    0    0     0     0 5436 6203  1  2 97  0  0
 1  0    256 179108   7420 7339792    0    0     0     0 5022 6263  0  1 99  0  0
 0  0    256 178760   7420 7339796    0    0     0     0 5359 6207  1  1 98  0  0
 1  0    256 178212   7420 7339804    0    0     0   132 5987 6901  1  2 97  0  0
 0  0    256 178300   7420 7339812    0    0     0     0 5633 6842  1  1 98  0  0
 0  0    256 178092   7420 7339812    0    0     0     0 5961 6409  1  2 98  0  0
 0  0    256 176544   7420 7339816    0    0     0    21 5985 6888  1  1 98  0  0
 0  0    256 178216   7420 7339820    0    0     0     0 6305 6955  1  2 97  0  0
 0  0    256 178128   7420 7339820    0    0     0    64 5295 6257  1  1 98  0  0
 0  0    256 177940   7420 7339820    0    0     0     0 5265 6122  1  2 98  0  0
 0  0    256 178496   7420 7339824    0    0     0    24 6107 6712  1  2 97  0  0
 1  0    256 178476   7420 7339832    0    0     0     0 5462 6334  1  1 98  0  0
 0  0    256 178356   7420 7339836    0    0     0     0 5516 6557  1  1 98  0  0
procs -----------memory---------- ---swap-- -----io---- -system-- ------cpu-----
 r  b   swpd   free   buff  cache   si   so    bi    bo   in   cs us sy id wa st
 4  0    256 177092   7420 7339844    0    0     0     0 6251 6700  2  2 97  0  0
 0  0    256 178668   7420 7339848    0    0     0     0 6359 6770  1  2 98  0  0
 0  0    256 178480   7420 7339856    0    0     0     0 5381 6316  1  1 98  0  0
 0  0    256 178516   7420 7339856    0    0     0     0 5246 6045  1  1 98  0  0
 0  0    256 178796   7420 7339872    0    0     0    31 6225 7031  1  2 97  0  0
 0  0    256 178484   7420 7339872    0    0     0     0 5649 6528  0  2 98  0  0
 0  0    256 204168   7420 7339872    0    0     0     0 5942 6511  1  2 98  0  0
 0  0    256 204356   7420 7339880    0    0     0   162 1528 1301  1  1 98  0  0
 0  0    256 204444   7420 7339880    0    0     0     0  430  479  0  0 100  0  0
 0  0    256 204444   7420 7339880    0    0     0     0  431  430  0  0 100  0  0
 0  0    256 202684   7420 7339880    0    0     0    27  686  602  0  0 99  0  0
