procs -----------memory---------- ---swap-- -----io---- -system-- ------cpu-----
 r  b   swpd   free   buff  cache   si   so    bi    bo   in   cs us sy id wa st
12  0      0 492300      8 7224600    0    0   819  4919   28   30 34  4 57  5  0
 3  1      0 398608      8 7241220    0    0 16288 11224 20479 4995 70 11  0 18  0
 3  1      0 347376      8 7258224    0    0 17084 12940 18109 5341 69 10  0 20  0
 4  0      0 332024      8 7272396    0    0 14048 11752 15750 4609 74  8  0 18  0
 6  1      0 316320      8 7285920    0    0 13628 12148 16034 4875 73  8  0 19  0
 6  0      0 298472      8 7301980    0    0 15944 11852 17395 4755 72  9  0 20  0
 7  0      0 271936      8 7326228    0    0 12644 33887 17050 5479 71 10  1 19  0
 3  1      0 231460      8 7333140    0    0 10756 81641 19460 7627 71 10  8 12  0
 3  1      0 200192      8 7357848    0    0 38720 96113 20984 6504 66 10  5 19  0
 6  0      0 201096      8 7340600    0    0 13488 12668 19521 5157 72  9  0 19  0
 4  0      0 214628      8 7355316    0    0 14716 12420 19485 5353 71  9  0 20  0
 2  2      0 164036      8 7335708    0    0 13352 11804 18627 4730 73  9  0 17  0
 4  0      0 163532      8 7348956    0    0 13232 12408 19036 5240 72  9  1 19  0
 1  3      0 153328      8 7361040    0    0 12112 13008 17386 4752 73  9  0 17  0
 6  1      0 157960      8 7349388    0    0 14764 68103 15434 4920 69 10  3 18  0
 7  1      0 180192      8 7308704    0    0  7900 123139 18879 7146 71 10  7 13  0
 6  1      0 254620      8 7232212    0    0 11452 40544 26173 5170 71 11  2 16  0
 6  1      0 267008      8 7224260    0    0 12180 13572 24109 4782 71 11  0 18  0
 5  1      0 255076      8 7235956    0    0 11648 11912 17915 4736 74  9  0 17  0
 4  1      0 250164      8 7245308    0    0  9344 10696 17046 4463 75  9  0 16  0
 6  0      0 243584      8 7256420    0    0 11116 11124 16479 4725 74  9  1 17  0
procs -----------memory---------- ---swap-- -----io---- -system-- ------cpu-----
 r  b   swpd   free   buff  cache   si   so    bi    bo   in   cs us sy id wa st
 6  1      0 232564      8 7267864    0    0 11428 12324 17886 5049 74  8  0 18  0
 5  1      0 188984      8 7303048    0    0  9820 80815 15887 6360 70  9  6 16  0
 5  1      0 155388      8 7330972    0    0 23148 109743 19601 7534 69 11  7 14  0
 7  0      0 268752      8 7243000    0    0  9112 95848 22018 5319 70 10  1 19  0
 5  1      0 393672      8 7154928    0    0 11748 12732 25088 5168 71 11  0 19  0
 3  1      0 327860      8 7167300    0    0 12336 13672 17666 5572 72  9  0 19  0
 4  1      0 315036      8 7177968    0    0 10664 15024 16189 5182 72  9  0 19  0
 3  1      0 307504      8 7188920    0    0 10936 12160 16024 5001 74  9  0 17  0
 3  1      0 271788      8 7219316    0    0  9208 48737 15133 5471 72  9  1 18  0
 7  0      0 266336      8 7218904    0    0  9532 58410 18570 5708 71 10  2 16  0
 4  0      0 255712      8 7230380    0    0 11452 13164 18728 6085 73  8  3 16  0
 4  1      0 256312      8 7242636    0    0 12060 13044 18193 5393 73  8  0 18  0
 3  1      0 250896      8 7254364    0    0 11728 13440 18871 5624 72  9  0 19  0
 4  1      0 246584      8 7265232    0    0 10960 13724 18067 5532 73  8  0 19  0
 4  1      0 237228      8 7275648    0    0 10472 14312 18558 5796 72  8  1 19  0
 4  1      0 202956      8 7308496    0    0  9692 35765 15712 6046 72  8  3 18  0
 3  2      0 170500      8 7319112    0    0 57532 101043 15425 5525 72  9  1 18  0
 3  1      0 180020      8 7301020    0    0 29224 60777 18664 9619 70  9  9 13  0
 2  2      0 172608      8 7312796    0    0 11824 13240 17166 5894 70  9  3 19  0
 3  1      0 192476      8 7323164    0    0 10348 12372 16821 5176 73  7  3 18  0
 5  0      0 184464      8 7333516    0    0 10344 13076 18135 7527 71  8  5 16  0
procs -----------memory---------- ---swap-- -----io---- -system-- ------cpu-----
 r  b   swpd   free   buff  cache   si   so    bi    bo   in   cs us sy id wa st
 5  1      0 174092      8 7343980    0    0 10492 14164 17448 6027 70  8  4 18  0
 5  0      0 161160      8 7358448    0    0  9724 17942 16479 5939 71  7  3 18  0
 4  1      0 175972      8 7333904    0    0  6724 92277 15758 7059 70  9  5 16  0
 3  1      0 185844      8 7339104    0    0 16524 187074 18348 7472 64 10  3 24  0
 3  1      0 204912      8 7317172    0    0 49524 148817 19468 6421 63 11  3 24  0
 4  0      0 361400      8 7201200    0    0  9308 14612 23165 6147 66 10  7 16  0
 4  1      0 373880      8 7171656    0    0 10448 13888 19869 6148 69  9  4 18  0
 3  1      0 333536      8 7180940    0    0  9320 12424 16278 6136 71  8  5 16  0
 2  2      0 323068      8 7191292    0    0 10288 14364 16883 5895 70  8  4 18  0
 3  1      0 301416      8 7222892    0    0  9336 49280 15983 5846 71  7  3 18  0
 4  1      0 272092      8 7237576    0    0  9160 98386 18570 8855 65  9  9 18  0
 3  1      0 253440      8 7248092    0    0 10508 13456 16556 5740 72  7  3 18  0
 3  2      0 252116      8 7257216    0    0  9156 13476 17368 6245 70  8  6 17  0
 3  1      0 253032      8 7267304    0    0 10056 14580 17599 6045 71  8  3 18  0
 5  1      0 246448      8 7277380    0    0 10104 13816 16985 6016 71  8  4 17  0
 4  1      0 240680      8 7286400    0    0  8992 14448 16063 5570 72  7  4 17  0
 3  1      0 206792      8 7320064    0    0  7944 48626 15680 6683 70  9  5 16  0
 3  1      0 172116      8 7338168    0    0  6620 135088 15911 7324 66  9  8 16  0
 2  2      0 193632      8 7300292    0    0  7936 31816 20113 6254 70 10  5 16  0
 2  2      0 207052      8 7315108    0    0 14660 12054 17284 5885 68  9  9 15  0
 3  1      0 201476      8 7324140    0    0  9184 14440 17670 6684 69  8  7 17  0
procs -----------memory---------- ---swap-- -----io---- -system-- ------cpu-----
 r  b   swpd   free   buff  cache   si   so    bi    bo   in   cs us sy id wa st
 5  1      0 203400      8 7334484    0    0 10212 13280 17297 6283 68  9  8 16  0
 3  1      0 194008      8 7343096    0    0  8956 12212 17151 8730 67  7 12 14  0
 3  1      0 185948      8 7352432    0    0  8968 11584 17395 9563 69  7 12 12  0
 3  1      0 160944      8 7375012    0    0  7084 76498 17701 9696 67  9 11 13  0
 2  2      0 156560      8 7365208    0    0  7016 165893 18246 9953 65 10  8 16  0
 4  1      0 174172      8 7368508    0    0 40744 168143 22173 9929 63 12  7 18  0
 3  1      0 344460      8 7273240    0    0 18100 44917 25430 6830 68 11  6 15  0
 3  1      0 366164      8 7224912    0    0  7868 12136 18896 6198 69  8  8 15  0
 5  1      0 319108      8 7233504    0    0  8640 12928 16958 6202 66  9  9 16  0
 4  1      0 306128      8 7241632    0    0  8052 12764 17036 7670 69  8 10 14  0
 3  1      0 299544      8 7249036    0    0  7708 10892 14989 6901 65  8 14 12  0
 4  1      0 268756      8 7278128    0    0  7484 44859 14007 7080 69  8  8 15  0
 5  0      0 246788      8 7298892    0    0 21648 82347 21149 11789 66 10 11 13  0
 5  1      0 228444      8 7303136    0    0 15128 37481 20299 10289 66  9 11 14  0
 5  0      0 217068      8 7316120    0    0  8280 10168 18438 12333 62  8 17 13  0
 4  1      0 214988      8 7324232    0    0  7048 10208 16349 8662 65  9 14 12  0
 3  1      0 214796      8 7332360    0    0  7832  9976 14424 5302 69  8 11 12  0
 4  1      0 211080      8 7338372    0    0  6036  9780 15575 5396 67  8 13 12  0
 3  1      0 217792      8 7344864    0    0  6468 11300 16002 6727 67  9 11 13  0
 3  1      0 210960      8 7351868    0    0  7004 11908 15618 6363 67  8 12 13  0
 5  0      0 178580      8 7381360    0    0  7384 39766 16108 9338 68  8 10 14  0
procs -----------memory---------- ---swap-- -----io---- -system-- ------cpu-----
 r  b   swpd   free   buff  cache   si   so    bi    bo   in   cs us sy id wa st
 7  0      0 173636      8 7380460    0    0  6960 58534 17860 10043 67  9 10 14  0
 4  1      0 165164      8 7387204    0    0  6736 11192 18505 7292 66  8 14 12  0
 5  0      0 161504      8 7393856    0    0  6812 11608 16122 5838 65  9 14 12  0
 3  1      0 159392      8 7400780    0    0  6744 12028 16031 7433 68  8 11 13  0
 4  0      0 154288      8 7408604    0    0  7992 11468 15587 7032 67  8 12 13  0
 4  0      0 178928      8 7382812    0    0  6512  9884 14326 5830 71  8  9 11  0
 3  1      0 172876      8 7389140    0    0  6272 10595 15706 5413 68  8 13 12  0
 3  1      0 163728      8 7395304    0    0  6396  9676 16062 7669 67  8 15 10  0
 4  2      0 152236      8 7417416    0    0  6196 44222 14588 6489 70  8 10 12  0
 3  1      0 186920      8 7377148    0    0  5432 68502 18679 9941 67 10 12 10  0
 4  1      0 175800      8 7383312    0    0  6160 10748 16973 5501 70  8 11 11  0
 2  2      0 174916      8 7390820    0    0  7480 11252 16458 5953 65  8 15 13  0
 3  0      0 170132      8 7398336    0    0  7512 11812 15769 6155 66  8 13 14  0
 3  1      0 168964      8 7405296    0    0  7072 12424 17993 8974 65  9 13 12  0
 4  1      0 162032      8 7412084    0    0  6684 10764 16905 9022 66  8 14 11  0
 4  0      0 155612      8 7419980    0    0  7112 10040 14927 5692 70  8 11 12  0
 4  1      0 178488      8 7395368    0    0  7252 12220 16404 6599 68  8 11 14  0
 3  0      0 159556      8 7408936    0    0 30700 79198 17069 9879 68  9 10 13  0
 3  1      0 171368      8 7409112    0    0 26512 171148 19400 10850 63 11  9 17  0
 5  1      0 156856      8 7423028    0    0 34008 141634 18996 11980 63 10 11 16  0
 4  1      0 256316      8 7355124    0    0  9548 68768 21777 10110 68  9 12 11  0
procs -----------memory---------- ---swap-- -----io---- -system-- ------cpu-----
 r  b   swpd   free   buff  cache   si   so    bi    bo   in   cs us sy id wa st
 6  0      0 398344      8 7272636    0    0  8088 12256 23426 6611 66  9 11 14  0
 3  2      0 493340      8 7152652    0    0  8140 13212 17747 6564 65  9 12 14  0
 4  1      0 491532      8 7124888    0    0  7820 13428 17064 6755 65  9 13 14  0
 3  1      0 459084      8 7132076    0    0  7188 11544 16468 7144 69  8 11 12  0
 4  2      0 419736      8 7161292    0    0  6472 42843 15910 7383 71  8  7 14  0
 6  1      0 421192      8 7154276    0    0  5660 67805 18280 10545 67  9 12 12  0
 3  1      0 404144      8 7162200    0    0  8136 12940 16927 6771 67  8 10 14  0
 3  0      0 415328      8 7170172    0    0  7728 11812 18896 9710 65  8 15 12  0
 3  1      0 417664      8 7177836    0    0  7636 12136 17343 6984 67  8 11 13  0
 2  0      0 411204      8 7185620    0    0  7860 12756 16709 6553 67  8 11 14  0
 4  0      0 403580      8 7193964    0    0  8268 12564 17592 7701 65  8 13 14  0
 4  0      0 394696      8 7201832    0    0  7868 12864 16447 9555 64  7 17 13  0
 3  1      0 356868      8 7236488    0    0 12064 67678 16606 10516 67  8 14 12  0
 5  1      0 295960      8 7291628    0    0  4700 111846 19459 9902 67 10 11 13  0
 4  1      0 365352      8 7233508    0    0  6096 23535 21703 6851 66 10 11 13  0
 5  1      0 349196      8 7240644    0    0  7164 11420 21348 10542 66  8 14 12  0
 4  1      0 333588      8 7253892    0    0 13328 12329 19678 12608 65  9 15 11  0
 4  1      0 349720      8 7260920    0    0  6876 12072 16877 6169 69  8 10 13  0
 3  1      0 342996      8 7268744    0    0  7824 12308 16181 6140 66  9 12 14  0
 2  2      0 335840      8 7275164    0    0  6476 11504 16961 8041 65  8 16 11  0
 2  2      0 298736      8 7307324    0    0  5892 59453 17978 11407 68  8 13 12  0
procs -----------memory---------- ---swap-- -----io---- -system-- ------cpu-----
 r  b   swpd   free   buff  cache   si   so    bi    bo   in   cs us sy id wa st
 8  1      0 267584      8 7336720    0    0 16676 100767 18522 10250 69  9 10 13  0
 3  1      0 198344      8 7404820    0    0 47936 149022 19390 7173 61 10  8 21  0
 3  1      0 367236      8 7260956    0    0  7088 12636 22358 6538 65 10 11 14  0
 3  1      0 346256      8 7256104    0    0  6616 11692 18403 8570 65  9 15 12  0
 5  1      0 341568      8 7263364    0    0  7216 12708 17600 7785 66  8 12 13  0
 4  1      0 341440      8 7270716    0    0  7416 11988 16389 5909 67  8 12 13  0
 2  2      0 344492      8 7278452    0    0  7708 12048 15818 6113 65  8 13 13  0
 6  0      0 308868      8 7312776    0    0  5548 62224 16117 7778 66  9 11 14  0
 6  0      0 312648      8 7307352    0    0 12884 60300 18961 10625 68  9 14 10  0
 7  0      0 293024      8 7318812    0    0  8808  9384 20653 12491 64  9 15 13  0
 5  0      0 279096      8 7331636    0    0  8504  9928 17874 11278 66  7 13 14  0
 7  0      0 278248      8 7345096    0    0  8804 11040 19804 13116 64  9 15 13  0
 4  0      0 271160      8 7352228    0    0  7220 12268 15951 6285 67  8 11 14  0
 4  0      0 266156      8 7358520    0    0  6204 11480 15728 5875 69  8 11 13  0
 4  1      0 259952      8 7364772    0    0  6252 10296 14950 5846 70  7 11 12  0
 4  1      0 234616      8 7388540    0    0  6324 30575 16982 7597 68  8 10 14  0
 3  2      0 173156      8 7440444    0    0  5444 124885 16990 8551 66  9 10 15  0
 3  2      0 160716      8 7453244    0    0 32504 60792 16183 6785 71  8  8 13  0
 4  0      0 202516      8 7393784    0    0 10336 35125 19576 7091 68 10  9 14  0
 3  1      0 207804      8 7401060    0    0  7352 11572 19135 9081 65  9 15 12  0
 4  1      0 222048      8 7407772    0    0  6636 13108 18277 6551 65  8 12 15  0
procs -----------memory---------- ---swap-- -----io---- -system-- ------cpu-----
 r  b   swpd   free   buff  cache   si   so    bi    bo   in   cs us sy id wa st
 5  0      0 217420      8 7414280    0    0  6744 12780 16031 9437 61  8 19 12  0
 3  0      0 212100      8 7420596    0    0  6080 11428 16838 10065 62  8 19 11  0
 4  0      0 150952      8 7338988    0    0  6288  9504 28949 6807 63 11 15 12  0
 5  0      0 159460      8 7245784    0    0  4312 67790 31395 8475 66 11 13 11  0
 3  2      0 178140      8 7216920    0    0  5788 153211 18780 7236 63 11 10 17  0
 2  0      0 272008      8 7120440    0    0  8376 54033 22125 8424 61 10 12 17  0
 3  0      0 263820      8 7127128    0    0  6760 11300 18592 10846 59  8 21 12  0
 5  1      0 259980      8 7134904    0    0  7264 11220 19948 12220 59  9 19 12  0
 4  0      0 348608      8 7148704    0    0 10364 10360 23811 11192 62  9 14 16  0
 3  1      0 382520      8 7155920    0    0  7408 12204 18883 11632 59  8 21 13  0
 3  1      0 370200      8 7168540    0    0  9332 11864 18786 12496 59  7 19 16  0
 3  1      0 342984      8 7195416    0    0  8012 26668 19516 17391 55  8 23 14  0
 3  1      0 332056      8 7198260    0    0  9428 74729 18963 15750 58  8 24 10  0
 2  2      0 338892      8 7204152    0    0  5932 10500 18970 10632 61  8 20 11  0
 2  0      0 333000      8 7210204    0    0  5968 11112 18932 13982 56  7 25 11  0
 3  2      0 337876      8 7218068    0    0  7464 10544 20982 17935 53  8 28 12  0
 2  1      0 327104      8 7228216    0    0  7972  8920 19824 18642 52  8 27 14  0
 2  1      0 317464      8 7237756    0    0  7832  9491 18300 14620 56  7 23 13  0
 3  2      0 338232      8 7244072    0    0  6328 10216 18997 11846 59  7 23 11  0
 0  2      0 330944      8 7253272    0    0  9244 10608 19837 17621 55  7 28  9  0
 2  0      0 323828      8 7260296    0    0  6792 11412 18356 14594 55  7 27 11  0
procs -----------memory---------- ---swap-- -----io---- -system-- ------cpu-----
 r  b   swpd   free   buff  cache   si   so    bi    bo   in   cs us sy id wa st
 4  1      0 290992      8 7289896    0    0  9204 47525 17271 12415 57  7 23 13  0
 3  1      0 264920      8 7312264    0    0  8008 107059 18116 10726 61  9 18 12  0
 3  1      0 192048      8 7396308    0    0 15988 172182 20624 12578 55 10 18 16  0
 3  0      0 252732      8 7390128    0    0 30876 85521 24675 19389 53 10 25 13  0
 2  1      0 335140      8 7317572    0    0  5196  9960 21125 18350 47  8 35 10  0
 4  0      0 294316      8 7322780    0    0  5280  9448 19570 19329 46  8 36 11  0
 4  0      0 266204      8 7328200    0    0  5428  9728 19729 17996 48  7 35 10  0
 2  1      0 252828      8 7333384    0    0  5200 10224 19812 18959 48  7 35 10  0
 5  0      0 245924      8 7338552    0    0  5412 10576 19750 18936 48  7 35 11  0
 4  0      0 255628      8 7343832    0    0  5052 10704 18919 17038 51  7 33 10  0
 0  2      0 251848      8 7348188    0    0  4528  9488 19079 18009 48  7 35 10  0
 3  1      0 224024      8 7374552    0    0  3380 87747 17137 13960 57  8 24 11  0
 3  1      0 160220      8 7436980    0    0 32692 107002 18791 12791 55  9 21 15  0
 4  1      0 238920      8 7346256    0    0 24436 49257 20114 15921 48  9 30 12  0
 2  1      0 256244      8 7330036    0    0  5180  9884 19663 18161 47  7 35 10  0
 1  1      0 251052      8 7334188    0    0  4320  8924 17353 15341 53  6 32  9  0
 2  1      0 259116      8 7339136    0    0  4964  9456 18828 17232 49  7 34 10  0
 4  1      0 254420      8 7344572    0    0  5252  9800 19230 18252 48  7 35 10  0
 2  0      0 249636      8 7350056    0    0  5556 10164 19820 18974 49  6 35 10  0
 2  0      0 244908      8 7355000    0    0  5012 11000 19505 18279 48  7 34 10  0
 2  0      0 242236      8 7358692    0    0  3676  6844 18177 22123 34  5 54  8  0
procs -----------memory---------- ---swap-- -----io---- -system-- ------cpu-----
 r  b   swpd   free   buff  cache   si   so    bi    bo   in   cs us sy id wa st
 7  0      0 239044      8 7362420    0    0  3644  6964 17446 18633 38  5 49  8  0
 4  0      0 226128      8 7383784    0    0  2952 25315 18551 18128 44  6 42  8  0
 3  0      0 178976      8 7433940    0    0 10560 124831 19202 18157 48  8 32 12  0
 1  0      0 244996      8 7359584    0    0  3240 83680 20038 20604 40  8 42 10  0
 4  0      0 320872      8 7315648    0    0  3340  6932 20011 19460 37  7 49  7  0
 1  1      0 327900      8 7318116    0    0  2676  6628 17788 17271 37  6 49  7  0
 1  0      0 310328      8 7324368    0    0  6100  6472 18158 18011 38  6 49  7  0
 2  1      0 284940      8 7327804    0    0  3528  6960 17317 18331 37  6 49  8  0
 2  0      0 278164      8 7331196    0    0  3332  8176 19041 20201 37  6 49  8  0
 0  1      0 267868      8 7342716    0    0 11572  6292 17045 16937 42  6 45  7  0
 0  1      0 264056      8 7346140    0    0  3352  6836 17516 18151 38  6 48  8  0
 2  0      0 260272      8 7349532    0    0  3468  7328 19337 20973 38  5 49  8  0
 1  0      0 257656      8 7352576    0    0  2952  7664 18878 19761 37  6 50  7  0
 3  0      0 254508      8 7356332    0    0  3756  7724 20814 22994 37  5 50  8  0
 2  1      0 250444      8 7360260    0    0  3968  7884 19453 20761 36  6 50  8  0
 3  0      0 246728      8 7363760    0    0  3488  7376 19229 20455 36  6 50  8  0
 4  0      0 227764      8 7381196    0    0  4008 21648 20909 22607 39  6 46  9  0
 5  1      0 213876      8 7393728    0    0  5340 91198 18545 16492 52  7 31 10  0
 3  1      0 209184      8 7387220    0    0  4568 16050 19769 20220 38  6 47  9  0
 2  0      0 211832      8 7390760    0    0  4004  7728 19831 20941 38  5 49  8  0
 0  2      0 209252      8 7394256    0    0  3032  7284 18995 19968 37  6 49  7  0
procs -----------memory---------- ---swap-- -----io---- -system-- ------cpu-----
 r  b   swpd   free   buff  cache   si   so    bi    bo   in   cs us sy id wa st
 4  1      0 211576      8 7398260    0    0  4204  7672 20414 21929 36  6 49  8  0
 1  0      0 209688      8 7401296    0    0  3000  8563 19855 20742 38  5 49  8  0
 1  1      0 207136      8 7405392    0    0  3932  6932 17777 21560 31  6 55  9  0
 2  0      0 205968      8 7407732    0    0  2600  7144 17925 21157 34  5 54  7  0
 3  0      0 203580      8 7411304    0    0  3312  7336 18942 19662 40  6 46  7  0
 2  0      0 200400      8 7415044    0    0  3884  7976 20805 22762 36  5 51  8  0
 0  1      0 196084      8 7418812    0    0  3644  8364 20257 21870 37  6 49  8  0
 1  1      0 191576      8 7422664    0    0  4064  8700 19643 20961 36  6 50  8  0
 0  0      0 187916      8 7426424    0    0  3696  7856 20058 22064 37  6 49  8  0
 2  2      0 160900      8 7451148    0    0  2852 38492 19425 20026 42  7 43  8  0
 4  0      0 179172      8 7427156    0    0 13288 91373 19081 17124 50  8 32 10  0
 0  0      0 190976      8 7421420    0    0  4076 176690 20240 18743 44  9 34 13  0
 3  0      0 343432      8 7291028    0    0  4172  7512 21326 20188 38  7 46  9  0
 3  0      0 374516      8 7292452    0    0  3416  7744 21647 22625 36  7 49  8  0
 3  0      0 363344      8 7296040    0    0  3480  7455 20084 21287 36  6 51  8  0
 1  1      0 324920      8 7299868    0    0  3852  8144 19962 21246 36  6 50  8  0
 3  0      0 308124      8 7303900    0    0  4104  8596 20809 22547 36  6 49  8  0
 1  1      0 303084      8 7307576    0    0  3652  7928 18141 22042 32  5 55  8  0
 2  0      0 299020      8 7311236    0    0  3504  7008 16641 19467 34  5 54  7  0
 2  0      0 295396      8 7314452    0    0  3564  7352 19083 20594 36  7 50  7  0
 3  0      0 291840      8 7318652    0    0  3852  6824 18129 19075 41  6 45  8  0
procs -----------memory---------- ---swap-- -----io---- -system-- ------cpu-----
 r  b   swpd   free   buff  cache   si   so    bi    bo   in   cs us sy id wa st
 4  0      0 287492      8 7322384    0    0  4072  7384 19852 21659 37  6 50  8  0
 3  1      0 283616      8 7326644    0    0  3920  7888 19686 20893 35  6 50  9  0
 3  0      0 282072      8 7327880    0    0  1440  3852 18673 28196 17  4 74  4  0
 3  0      0 264436      8 7343968    0    0  2332 18782 20768 32168 23  5 66  6  0
 2  0      0 251992      8 7355692    0    0 11876 86133 17209 22709 36  5 51  8  0
 4  0      0 255904      8 7357604    0    0  1824  4708 21364 32673 20  4 71  5  0
 1  0      0 253312      8 7359424    0    0  1992  5332 19925 29664 19  5 71  6  0
 2  0      0 245032      8 7361440    0    0  1944  4232 20814 32194 21  4 70  5  0
 1  0      0 248596      8 7363332    0    0  1944  3624 21322 33161 21  5 70  5  0
 1  0      0 247552      8 7365028    0    0  1648  4080 21759 33968 20  4 71  5  0
 1  1      0 241072      8 7370188    0    0  5216  4610 21121 32741 20  5 71  5  0
 2  0      0 239552      8 7372596    0    0  2408  4408 22671 35530 19  5 71  5  0
 3  1      0 238544      8 7374108    0    0  1480  4008 19706 29621 25  4 66  5  0
 1  0      0 237536      8 7375944    0    0  1672  3920 21203 33031 19  5 71  5  0
 3  0      0 234984      8 7377872    0    0  2172  4252 21637 33690 19  4 72  5  0
 1  0      0 229376      8 7382800    0    0  4968  7556 21063 30647 28  5 62  6  0
 1  0      0 215548      8 7386616    0    0  2856  8480 19163 29026 20  4 69  7  0
 4  0      0 211768      8 7390308    0    0  3208  3860 20252 31457 19  4 70  7  0
 1  1      0 207860      8 7393996    0    0  3100  3712 20965 32747 20  4 69  7  0
 0  1      0 204268      8 7397612    0    0  3112  3860 19922 30988 20  4 69  7  0
 0  0      0 200424      8 7401768    0    0  3228  3880 19688 30470 19  4 70  7  0
procs -----------memory---------- ---swap-- -----io---- -system-- ------cpu-----
 r  b   swpd   free   buff  cache   si   so    bi    bo   in   cs us sy id wa st
 2  0      0 196584      8 7405400    0    0  3132  3764 20506 32399 19  4 70  7  0
 1  0      0 194032      8 7408412    0    0  2496  3380 19630 30753 21  4 70  6  0
 1  0      0 189840      8 7412020    0    0  2844  3282 17421 27070 20  4 70  6  0
 1  0      0 185840      8 7415968    0    0  3384  3628 20723 32999 19  4 70  7  0
 1  0      0 183416      8 7422300    0    0  5040  4232 19274 29314 24  4 65  7  0
 2  0      0 194284      8 7426936    0    0  3000  4652 19722 30015 21  4 69  7  0
 2  0      0 191920      8 7429688    0    0  2532  3416 18730 28979 21  4 69  6  0
 3  0      0 168204      8 7448444    0    0 28436 76573 15062 19568 36  6 51  8  0
 0  0      0 189812      8 7427548    0    0  1464 67513 15495 20470 34  6 53  7  0
 1  0      0 196328      8 7429268    0    0  1860  3944 22676 35792 20  5 70  5  0
 2  0      0 199924      8 7431024    0    0  1788  3924 22702 35431 20  5 70  5  0
 1  0      0 189208      8 7432676    0    0  1476  4120 20604 31767 20  5 70  5  0
 1  0      0 184044      8 7434424    0    0  1892  4044 21785 34308 20  5 70  5  0
 1  0      0 181524      8 7436708    0    0  2192  4084 22926 36296 19  4 71  5  0
 2  0      0 179952      8 7438760    0    0  2024  4560 20875 32151 20  5 71  5  0
 0  1      0 177776      8 7440328    0    0  1616  5244 22178 34478 20  4 72  5  0
 4  0      0 175348      8 7442564    0    0  2160  3824 21441 34015 19  4 72  5  0
 1  1      0 173584      8 7443864    0    0  1672  3928 19357 29265 20  5 71  4  0
 2  1      0 172868      8 7445868    0    0  1688  4080 21705 33903 20  4 71  4  0
 0  1      0 172584      8 7447436    0    0  1948  4248 23108 36388 20  4 70  5  0
 1  1      0 172080      8 7449680    0    0  1816  4827 20121 29934 24  4 68  5  0
procs -----------memory---------- ---swap-- -----io---- -system-- ------cpu-----
 r  b   swpd   free   buff  cache   si   so    bi    bo   in   cs us sy id wa st
 2  0      0 171512      8 7451432    0    0  1828  4096 21426 33768 20  5 71  4  0
 2  0      0 170284      8 7453624    0    0  2140  3864 22524 35765 19  4 72  5  0
 1  0      0 167760      8 7455436    0    0  2052  4188 23316 36617 20  4 71  5  0
 1  1      0 165652      8 7457864    0    0  2276  4360 20881 32579 20  4 72  5  0
 2  0      0 163920      8 7459272    0    0  1728  5240 21576 33530 21  5 70  5  0
 2  1      0 161492      8 7461400    0    0  1872  3908 22210 34665 22  4 70  5  0
 0  1      0 160104      8 7462948    0    0  1432  3868 20372 31514 20  4 71  5  0
 1  0      0 153900      8 7468736    0    0  5856  3904 19026 29023 21  4 70  5  0
 1  0      0 153056      8 7471096    0    0  2224  4180 22564 35448 19  5 71  5  0
 3  0      0 150312      8 7472796    0    0  1916  4248 22712 36204 19  4 71  5  0
 0  0      0 180520      8 7441292    0    0  1848  3856 19393 29450 20  4 71  5  0
 1  0      0 178408      8 7443176    0    0  1964  4362 21346 32833 20  5 70  5  0
 1  0      0 176836      8 7445684    0    0  2368  4256 22425 35302 19  4 71  5  0
 2  0      0 172108      8 7448468    0    0  1972 78831 18313 25581 32  6 55  8  0
 2  0      0 173588      8 7445228    0    0  4888  5196 18223 26295 25  4 66  5  0
 3  1      0 170684      8 7447528    0    0  2068  4244 21717 33633 20  4 71  5  0
 2  0      0 168916      8 7449160    0    0  1712  3840 20609 31731 20  4 71  5  0
 1  1      0 167288      8 7451120    0    0  2048  3920 21510 33656 21  4 70  5  0
 0  1      0 166472      8 7453188    0    0  2056  4180 19647 29953 20  4 71  5  0
 0  1      0 164992      8 7454680    0    0  1476  4388 23049 36293 19  5 71  5  0
 1  1      0 165056      8 7456508    0    0  1952  4232 21472 33570 21  4 71  5  0
procs -----------memory---------- ---swap-- -----io---- -system-- ------cpu-----
 r  b   swpd   free   buff  cache   si   so    bi    bo   in   cs us sy id wa st
 4  0      0 163192      8 7458580    0    0  1932  3892 20758 32346 20  4 70  5  0
 4  0      0 162564      8 7460224    0    0  1680  4060 21115 33161 20  5 70  5  0
 2  0      0 160864      8 7461844    0    0  1844  4608 22372 35017 20  5 70  5  0
 1  1      0 159132      8 7464220    0    0  2156  5068 20301 31436 20  5 69  6  0
 2  0      0 157620      8 7465676    0    0  1320  3664 19233 29623 22  4 70  5  0
 1  0      0 156016      8 7467152    0    0  1544  3880 20996 32893 21  5 70  4  0
 1  0      0 155040      8 7468108    0    0   832  1388 10146 16150  9  2 88  2  0
 0  0      0 178200      8 7439604    0    0  4908    76 3496 6193  1  1 97  0  0
 0  0      0 178256      8 7439604    0    0     0   520 2895 5638  1  1 99  0  0
 0  0      0 178256      8 7439604    0    0     0    16 3214 6219  1  1 98  0  0
 0  0      0 180020      8 7439604    0    0     0    32 3134 6010  1  1 98  0  0
