procs -----------memory---------- ---swap-- -----io---- -system-- ------cpu-----
 r  b   swpd   free   buff  cache   si   so    bi    bo   in   cs us sy id wa st
35  0      0 13389284     12 1127788    0    0    31   809   16   21 10  4 86  1  0
18  0      0 13233888     12 1132188    0    0     0     0 68568 83313 70 24  6  0  0
23  3      0 13158272     12 1132348    0    0     0  2071 64604 81571 68 25  7  0  0
 9  1      0 13065924     12 1132348    0    0     0  9564 79416 79839 66 28  6  1  0
20  1      0 13019140     12 1132348    0    0     0 12234 72837 81507 66 28  5  1  0
23  1      0 12987224     12 1132352    0    0     0 11798 73864 79831 66 28  4  2  0
27  0      0 12959328     12 1132372    0    0    24 12879 72775 82191 70 24  4  2  0
14  4      0 12932768     12 1132376    0    0     0 11198 67705 75072 69 25  4  2  0
30  2      0 12905632     12 1136296    0    0     0 11064 68647 75128 68 26  5  2  0
21  0      0 12886308     12 1136472    0    0     0 11210 68323 76058 68 26  5  2  0
18  3      0 12869124     12 1136472    0    0     0 11693 71030 76984 66 28  4  2  0
25  0      0 12851980     12 1136476    0    0     0 11185 70509 74894 68 26  4  2  0
27  3      0 12834112     12 1136476    0    0     0 11179 69139 75687 67 27  5  1  0
30  0      0 12814272     12 1136476    0    0     0 11400 70921 77317 66 28  5  2  0
18  1      0 12794308     12 1136476    0    0     0 11857 69799 78165 67 27  4  2  0
13  1      0 12777424     12 1136476    0    0     0 11205 70834 79250 66 26  6  2  0
15  2      0 12757148     12 1136480    0    0     0 12414 71592 79021 68 26  5  2  0
24  2      0 12739548     12 1136480    0    0     0 12485 72959 79912 68 25  5  2  0
27  2      0 12725976     12 1136480    0    0     0 11407 70192 77647 66 27  5  2  0
21  0      0 12709448     12 1136480    0    0     0 11366 71246 78964 67 26  5  2  0
19  0      0 12693000     12 1136480    0    0     0 11382 69141 76533 67 26  5  2  0
procs -----------memory---------- ---swap-- -----io---- -system-- ------cpu-----
 r  b   swpd   free   buff  cache   si   so    bi    bo   in   cs us sy id wa st
24  0      0 12680584     12 1136480    0    0     0 11292 68714 76811 67 27  4  2  0
27  1      0 12662900     12 1136484    0    0     0 11773 70623 80265 68 25  5  2  0
19  4      0 12650400     12 1136488    0    0     0 11568 72284 81015 69 26  3  2  0
20  2      0 12635176     12 1136492    0    0     0 11886 76000 82884 67 27  4  2  0
 0  1      0 12626004     12 1136492    0    0     0  6009 60152 68078 56 20 16  8  0
12  0      0 12618380     12 1136492    0    0     0  3483 46796 55916 43 20 21 17  0
 8  4      0 12610516     12 1136500    0    0     0  3283 48378 56592 45 19 24 12  0
 9  2      0 12603616     12 1136500    0    0     0  2937 49948 60261 40 17 30 13  0
 7  4      0 12598340     12 1136500    0    0     0  2823 49177 60279 39 18 28 15  0
 3  3      0 12591428     12 1136504    0    0     0  2806 49377 60282 41 17 29 13  0
 1  5      0 12586304     12 1136504    0    0     0  2989 48137 58125 41 18 26 15  0
25  1      0 12580580     12 1136504    0    0     0  2939 48745 58219 41 21 24 15  0
26  3      0 12570480     12 1136504    0    0     0 12908 80118 82600 66 28  5  1  0
24  5      0 12561092     12 1136504    0    0     0 15233 77823 86405 66 27  5  2  0
17  1      0 12555848     12 1136508    0    0     0 12416 77948 85134 66 28  4  2  0
32  1      0 12547652     12 1136508    0    0     0 12137 72250 78563 68 27  4  1  0
31  2      0 12541624     12 1136512    0    0     0 11791 71141 77487 68 26  4  1  0
27  1      0 12532060     12 1136516    0    0     0 11198 70623 76225 68 26  5  2  0
19  3      0 12525460     12 1136516    0    0     0 12679 74351 84767 67 27  4  2  0
22  1      0 12520240     12 1136516    0    0     0 13069 79266 87483 68 26  4  2  0
22  2      0 12515868     12 1136516    0    0     0 12587 74197 81602 67 28  4  2  0
procs -----------memory---------- ---swap-- -----io---- -system-- ------cpu-----
 r  b   swpd   free   buff  cache   si   so    bi    bo   in   cs us sy id wa st
33  1      0 12511528     12 1136516    0    0     0 11654 75062 81234 66 27  5  2  0
24  0      0 12504948     12 1136520    0    0     0 12761 79206 86290 68 27  4  2  0
 6  1      0 12501504     12 1136520    0    0     0 11895 74746 81471 68 27  4  2  0
25  1      0 12496436     12 1136524    0    0     0 12675 81385 86924 68 27  4  2  0
28  2      0 12489680     12 1136528    0    0     0 12040 73109 80357 66 27  5  2  0
29  2      0 12481640     12 1136528    0    0     0 11590 70181 77609 66 28  5  1  0
27  1      0 12478140     12 1136528    0    0     0 11906 73813 78503 68 28  4  1  0
22  2      0 12472576     12 1136528    0    0     0 13001 74512 82217 67 27  4  2  0
41  1      0 12468388     12 1136528    0    0     0 12588 78054 84482 66 28  4  2  0
43  0      0 12465848     12 1136532    0    0     0 11776 73970 79124 69 27  3  1  0
15  3      0 12460668     12 1136532    0    0     0 12616 76606 83980 68 26  5  2  0
22  2      0 12455816     12 1136532    0    0     0 12994 80089 90032 66 27  5  2  0
17  0      0 12453056     12 1136556    0    0    24 13712 76805 86152 67 27  4  2  0
40  1      0 12446536     12 1136580    0    0    24 13800 80616 89893 67 27  4  2  0
32  0      0 12443724     12 1136580    0    0     0 12545 75269 83538 68 26  4  2  0
10  0      0 12439900     12 1136584    0    0     0 11571 72976 79503 68 27  4  1  0
27  1      0 12436464     12 1136584    0    0     0 11963 75275 80579 68 27  4  2  0
43  2      0 12432472     12 1136588    0    0     0 13051 76792 83499 67 27  4  2  0
28  3      0 12429768     12 1136588    0    0     0 12369 77404 85253 67 27  4  2  0
13  1      0 12425992     12 1136616    0    0     0 12355 77257 84423 69 26  3  2  0
28  0      0 12422720     12 1136652    0    0    24 12364 71748 80515 67 27  5  2  0
procs -----------memory---------- ---swap-- -----io---- -system-- ------cpu-----
 r  b   swpd   free   buff  cache   si   so    bi    bo   in   cs us sy id wa st
25  4      0 12420076     12 1136640    0    0     0 13278 76727 88661 69 26  4  2  0
29  2      0 12418188     12 1136640    0    0     0 12987 76355 88113 67 27  4  2  0
21  2      0 12414708     12 1136640    0    0     0 13984 78815 85743 68 27  4  1  0
21  3      0 12413180     12 1136644    0    0     0 12742 77300 84948 67 27  5  2  0
13  4      0 12409108     12 1136644    0    0     0 11686 71618 79612 68 26  5  2  0
20  1      0 12405020     12 1136644    0    0     0 12821 68989 82730 68 26  5  2  0
19  2      0 12402212     12 1136648    0    0     0 12670 74289 84256 66 28  5  2  0
26  0      0 12399704     12 1136652    0    0     0 13460 78055 86472 66 27  4  2  0
40  1      0 12397180     12 1136652    0    0     0 12389 75762 82395 67 27  4  2  0
29  0      0 12394708     12 1136652    0    0     0 11641 77177 84095 69 25  5  2  0
24  0      0 12393524     12 1136656    0    0     0 12674 79991 86628 68 27  4  2  0
10  1      0 12390568     12 1136656    0    0     0 13970 80321 88772 67 27  5  2  0
25  0      0 12386840     12 1136660    0    0     0 12219 76518 84648 69 25  5  2  0
16  1      0 12385160     12 1136660    0    0     0 13095 77664 84703 69 26  4  2  0
23  0      0 12381436     12 1136660    0    0     0 12436 75493 82237 68 27  4  2  0
17  1      0 12379304     12 1136664    0    0     0 12636 74953 83025 67 27  5  2  0
33  2      0 12378120     12 1136664    0    0     0 13710 79606 87692 67 27  4  2  0
26  0      0 12375544     12 1136664    0    0     0 12359 72174 81489 67 27  4  2  0
23  1      0 12374528     12 1136668    0    0     0 12388 71599 81460 67 26  5  2  0
21  1      0 12373360     12 1136668    0    0     0 11124 70353 76898 68 27  4  2  0
46  1      0 12370716     12 1136668    0    0     0 13299 76849 87424 67 27  5  2  0
procs -----------memory---------- ---swap-- -----io---- -system-- ------cpu-----
 r  b   swpd   free   buff  cache   si   so    bi    bo   in   cs us sy id wa st
29  1      0 12367908     12 1136668    0    0     0 12488 76412 84036 69 26  4  2  0
20  1      0 12366048     12 1136668    0    0     0 12762 77468 85169 66 28  5  2  0
29  3      0 12364848     12 1136672    0    0     0 12297 75421 82820 68 26  5  2  0
14  1      0 12363076     12 1136676    0    0     0 12236 72527 79260 68 26  4  2  0
50  1      0 12361420     12 1136676    0    0     0 12310 76434 83120 69 25  4  1  0
20  1      0 12358844     12 1136676    0    0     0 13644 81304 89209 68 27  4  2  0
15  3      0 12356332     12 1136680    0    0     0 12165 74283 80791 68 27  4  1  0
 9  2      0 12353460     12 1136680    0    0     0 12423 72370 79197 67 27  4  2  0
23  0      0 12352648     12 1136680    0    0     0 12203 75018 80603 68 27  4  2  0
20  0      0 12350576     12 1136680    0    0     0 13117 79203 86329 67 27  4  2  0
24  2      0 12349328     12 1136680    0    0     0 13080 81250 87976 68 27  4  1  0
10  2      0 12347968     12 1136684    0    0     0 13631 72812 80499 67 27  4  2  0
21  1      0 12346880     12 1136684    0    0     0 12947 77101 83523 66 29  4  2  0
11  0      0 12345724     12 1136684    0    0     0 11366 70666 78780 68 27  4  1  0
15  3      0 12344684     12 1136684    0    0     0 11984 72684 80621 67 27  4  2  0
32  0      0 12342128     12 1136688    0    0     0 12828 80415 87978 68 26  4  2  0
32  0      0 12340752     12 1136688    0    0     0 13693 81632 89829 68 27  4  2  0
13  0      0 12340112     12 1136668    0    0     0 11627 73504 80322 69 26  4  1  0
 2  0      0 12338508     12 1136676    0    0     0 12024 72668 83610 64 24  9  3  0
31  0      0 12337228     12 1136680    0    0     0 12573 78853 85682 65 26  8  2  0
25  0      0 12336392     12 1136680    0    0     0 13096 81600 87837 68 26  4  2  0
procs -----------memory---------- ---swap-- -----io---- -system-- ------cpu-----
 r  b   swpd   free   buff  cache   si   so    bi    bo   in   cs us sy id wa st
45  0      0 12335504     12 1136708    0    0    48 14152 78762 85450 67 28  4  2  0
21  1      0 12333588     12 1136704    0    0     0 11623 70642 76082 68 27  4  2  0
21  1      0 12332048     12 1136708    0    0     0 12036 72757 78751 69 26  4  1  0
35  0      0 12331220     12 1136708    0    0     0 11962 72011 79287 68 27  4  2  0
20  0      0 12329004     12 1136708    0    0     0 13169 76253 84329 67 27  4  2  0
23  3      0 12326940     12 1136692    0    0     0 13371 79491 88566 69 26  4  2  0
43  4      0 12326776     12 1136692    0    0     0 11639 71956 80910 67 26  6  2  0
27  1      0 12325828     12 1136692    0    0     0 12105 72436 79821 68 26  4  2  0
26  1      0 12324024     12 1136696    0    0     0 12530 76753 84900 67 28  4  2  0
29  0      0 12323068     12 1136716    0    0    24 13532 75294 85672 68 27  4  2  0
43  0      0 12321728     12 1136716    0    0     0 13916 79275 88830 70 24  4  2  0
20  0      0 12316552     12 1140816    0    0     0 12507 73305 83099 68 27  4  1  0
16  3      0 12314068     12 1140816    0    0     0 12165 74578 81665 66 27  5  2  0
24  0      0 12311896     12 1140816    0    0     0 12642 80382 85481 69 27  3  2  0
30  0      0 12310976     12 1140820    0    0     0 12785 77404 85735 68 27  4  2  0
41  3      0 12309352     12 1140824    0    0     0 12162 76334 85828 68 27  4  2  0
22  2      0 12307356     12 1140832    0    0     0 11730 75833 82234 68 27  4  2  0
23  2      0 12306336     12 1140832    0    0     0 11325 71275 77715 67 28  4  1  0
22  2      0 12305864     12 1140832    0    0     0 12209 73959 81184 67 27  5  1  0
15  0      0 12305048     12 1140836    0    0     0 12222 75709 83355 67 27  4  2  0
19  1      0 12303420     12 1140836    0    0     0 12314 74357 82936 69 25  4  2  0
procs -----------memory---------- ---swap-- -----io---- -system-- ------cpu-----
 r  b   swpd   free   buff  cache   si   so    bi    bo   in   cs us sy id wa st
29  1      0 12302172     12 1140836    0    0     0 13924 77450 84738 69 26  4  2  0
11  1      0 12300820     12 1140836    0    0     0 11742 78135 82508 67 27  4  2  0
23  1      0 12298244     12 1140840    0    0     0 11914 75279 81543 67 27  5  2  0
38  2      0 12296368     12 1140840    0    0     0 12450 75883 84934 67 28  4  2  0
16  2      0 12296596     12 1140840    0    0     0 11913 77005 85077 67 27  4  2  0
20  0      0 12295140     12 1140840    0    0     0 11331 72194 78348 68 26  4  2  0
15  0      0 12293368     12 1140844    0    0     0 12085 75853 81132 68 26  4  2  0
28  2      0 12291128     12 1140844    0    0     0 12338 79388 85404 66 27  5  2  0
13  3      0 12290496     12 1140844    0    0     0 11998 75240 82116 69 26  4  2  0
23  2      0 12289872     12 1140844    0    0     0 12636 78125 84836 67 28  4  1  0
32  4      0 12287804     12 1140852    0    0     0 12027 78285 83805 68 27  4  2  0
20  2      0 12286880     12 1140852    0    0     0 12387 78203 84712 68 26  4  1  0
33  0      0 12285852     12 1140852    0    0     0 12184 74380 82122 67 27  4  2  0
28  0      0 12284148     12 1140852    0    0     0 11970 73305 80857 66 28  5  2  0
40  1      0 12281676     12 1140852    0    0     0 12139 74411 81327 66 28  5  2  0
32  2      0 12280484     12 1140856    0    0     0 12966 72062 81091 68 26  4  1  0
28  3      0 12280036     12 1140856    0    0     0 13170 74403 85380 69 27  3  1  0
22  4      0 12279672     12 1140856    0    0     0 13063 75670 84125 68 25  5  2  0
11  2      0 12277552     12 1140856    0    0     0 13088 78175 85765 67 27  5  2  0
22  2      0 12276872     12 1140864    0    0     0 12988 79620 85334 67 28  4  2  0
34  1      0 12275100     12 1140864    0    0     0 12076 76289 82230 67 27  5  2  0
procs -----------memory---------- ---swap-- -----io---- -system-- ------cpu-----
 r  b   swpd   free   buff  cache   si   so    bi    bo   in   cs us sy id wa st
35  1      0 12274176     12 1140864    0    0     0 11763 70653 78041 68 26  4  2  0
13  0      0 12272400     12 1140868    0    0     0 13070 77274 84791 67 26  4  2  0
25  2      0 12271048     12 1140872    0    0     0 11999 78329 83852 67 27  4  2  0
20  1      0 12270400     12 1140872    0    0     0 12727 76900 84987 67 27  4  2  0
21  3      0 12268032     12 1140872    0    0     0 12040 75810 83503 67 28  4  2  0
31  0      0 12268272     12 1140876    0    0     0 11632 67557 76897 68 27  5  1  0
34  3      0 12266256     12 1140876    0    0     0 13629 73624 87947 68 26  4  2  0
16  3      0 12264688     12 1140856    0    0     0 12561 76629 82903 68 27  4  1  0
18  1      0 12263996     12 1140856    0    0     0 11909 73816 80675 68 28  3  2  0
17  3      0 12263820     12 1140904    0    0    48 11793 69547 75428 67 27  5  2  0
21  1      0 12262496     12 1140884    0    0     0 12264 68257 75498 68 26  4  2  0
41  2      0 12261080     12 1140884    0    0     0 12069 72270 81106 68 25  5  2  0
22  1      0 12259000     12 1140888    0    0     0 13385 79385 88400 68 27  3  2  0
22  0      0 12257708     12 1140892    0    0     0 12372 79376 86570 67 27  4  2  0
12  4      0 12255440     12 1140892    0    0     0 12469 74374 83451 68 27  4  2  0
19  4      0 12253368     12 1140896    0    0     0 11808 73631 82928 67 26  5  2  0
31  0      0 12250748     12 1140896    0    0     0 12958 79846 87722 68 27  4  2  0
29  0      0 12248920     12 1140924    0    0    24 14146 79963 88881 68 26  4  2  0
22  2      0 12246596     12 1140920    0    0     0 13103 79215 87517 67 27  5  2  0
24  1      0 12245272     12 1140920    0    0     0 12137 77493 82116 67 28  4  1  0
 9  0      0 12243896     12 1140900    0    0     0 11543 75037 79092 67 28  4  1  0
procs -----------memory---------- ---swap-- -----io---- -system-- ------cpu-----
 r  b   swpd   free   buff  cache   si   so    bi    bo   in   cs us sy id wa st
21  3      0 12241832     12 1140904    0    0     0 11826 73711 78138 66 28  4  2  0
34  0      0 12239876     12 1140904    0    0     0 13515 81995 87400 69 26  3  2  0
19  0      0 12237844     12 1140904    0    0     0 12394 78886 83900 67 28  4  2  0
32  0      0 12237112     12 1140904    0    0     0 12623 74437 81950 67 28  4  2  0
11  0      0 12236332     12 1140908    0    0     0 13014 73672 82590 67 27  4  2  0
17  0      0 12232368     12 1140912    0    0     0 13023 78441 86325 68 27  4  2  0
19  4      0 12229332     12 1140912    0    0     0 12275 76149 85038 68 27  4  2  0
18  0      0 12226592     12 1140912    0    0     0 13317 81511 88879 69 26  4  2  0
16  0      0 12226008     12 1140916    0    0     0 12666 73131 81296 67 27  4  2  0
29  2      0 12223936     12 1140916    0    0     0 12376 74172 81469 66 27  5  2  0
13  0      0 12221092     12 1140916    0    0     0 12208 74440 80788 67 28  4  2  0
19  1      0 12219780     12 1140916    0    0     0 12202 74366 84341 67 27  4  2  0
19  2      0 12217864     12 1140916    0    0     0 13312 78339 87155 69 26  4  2  0
25  3      0 12214160     12 1140952    0    0     0 12470 74666 82268 67 27  4  2  0
32  0      0 12214960     12 1140952    0    0     0 11393 76495 80679 68 28  3  1  0
25  3      0 12214776     12 1140952    0    0     0 12855 75994 83934 67 27  4  2  0
24  0      0 12212596     12 1140952    0    0     0 11858 77591 87123 65 28  4  3  0
22  2      0 12212136     12 1140956    0    0     0 12877 76493 84518 67 27  4  2  0
17  0      0 12211096     12 1140956    0    0     0 12841 75908 82658 69 27  3  1  0
14  2      0 12208020     12 1140956    0    0     0 11863 75408 79085 68 28  3  1  0
38  2      0 12206892     12 1140956    0    0     0 12220 72525 77875 69 27  3  2  0
procs -----------memory---------- ---swap-- -----io---- -system-- ------cpu-----
 r  b   swpd   free   buff  cache   si   so    bi    bo   in   cs us sy id wa st
29  2      0 12205540     12 1140956    0    0     0 13102 77273 85524 67 27  5  2  0
24  0      0 12202528     12 1140964    0    0     0 12889 78980 85336 68 27  4  2  0
52  1      0 12201924     12 1140964    0    0     0 12288 76109 82007 69 25  5  2  0
31  0      0 12200348     12 1140968    0    0     0 12329 76439 82286 67 28  4  1  0
19  2      0 12198156     12 1140968    0    0     0 12983 80723 85784 69 26  4  2  0
20  2      0 12195364     12 1140968    0    0     0 12911 78475 84221 67 27  4  2  0
21  2      0 12194152     12 1140968    0    0     0 13049 76465 84434 68 27  4  2  0
10  1      0 12192432     12 1140972    0    0     0 13116 77516 84836 67 26  4  2  0
29  0      0 12191544     12 1140972    0    0     0 11841 74513 79826 67 27  4  2  0
 0  4      0 12190500     12 1140972    0    0     0  4686 57326 64957 55 23 12 11  0
 3  0      0 12189792     12 1140972    0    0     0  3297 49275 61808 38 16 26 19  0
22  2      0 12189208     12 1140972    0    0     0  2966 47959 58308 40 19 28 13  0
38  2      0 12188280     12 1140976    0    0     0  5501 56091 62778 46 21 21 12  0
17  2      0 12186824     12 1140980    0    0     0 13199 80666 84374 66 28  4  2  0
25  4      0 12185540     12 1140980    0    0     0 14764 76745 83906 69 26  4  1  0
17  1      0 12183536     12 1140980    0    0     0 12984 76363 85388 68 26  4  2  0
18  3      0 12181780     12 1140984    0    0     0 13036 78834 85984 67 28  4  1  0
12  1      0 12180720     12 1140984    0    0     0 11864 73991 78014 68 27  4  2  0
19  0      0 12177836     12 1140984    0    0     0 11475 70926 75261 68 26  5  2  0
47  0      0 12177380     12 1141028    0    0    48 12725 72200 76224 68 27  4  2  0
21  0      0 12174884     12 1141028    0    0     0 11820 77318 81978 67 28  4  1  0
procs -----------memory---------- ---swap-- -----io---- -system-- ------cpu-----
 r  b   swpd   free   buff  cache   si   so    bi    bo   in   cs us sy id wa st
24  0      0 12174140     12 1141032    0    0     0 11880 74201 81498 68 27  4  2  0
27  0      0 12173240     12 1141032    0    0     0 12605 74392 81509 67 27  4  2  0
23  0      0 12171696     12 1141032    0    0     0 12753 75819 82854 69 26  4  2  0
13  3      0 12170400     12 1141032    0    0     0 11348 71951 80845 63 25 11  2  0
18  1      0 12168800     12 1141016    0    0     0 12616 75886 82833 67 27  4  2  0
19  0      0 12168152     12 1141020    0    0     0 11695 75831 81328 68 27  4  1  0
29  1      0 12165708     12 1141020    0    0     0 12075 71660 78488 67 27  4  2  0
26  3      0 12164172     12 1141028    0    0    24 12828 74379 79925 70 26  3  2  0
16  0      0 12162460     12 1141028    0    0     0 11567 70403 79492 67 27  5  2  0
29  0      0 12161032     12 1141032    0    0     0 12004 71304 77798 68 26  5  2  0
26  2      0 12160116     12 1141032    0    0     0 12495 75072 81710 66 28  4  2  0
43  0      0 12158312     12 1141032    0    0     0 12005 72335 80007 68 27  4  2  0
37  3      0 12156904     12 1141032    0    0     0 12090 73323 80223 68 26  5  2  0
15  1      0 12154564     12 1141032    0    0     0 12006 75177 81921 68 26  4  2  0
31  0      0 12152056     12 1141016    0    0     0 11904 73560 79709 66 28  5  2  0
 7  2      0 12149696     12 1141016    0    0     0 11514 70054 78647 68 26  5  2  0
17  1      0 12147120     12 1141016    0    0     0 12017 68959 80801 66 27  6  2  0
40  4      0 12146012     12 1141016    0    0     0 12295 72453 79448 68 27  4  2  0
22  2      0 12144080     12 1141020    0    0     0 12258 75837 82357 68 27  4  2  0
26  2      0 12143424     12 1141020    0    0     0 12695 76554 84422 68 26  4  2  0
27  0      0 12141072     12 1141020    0    0     0 11770 72996 81294 66 28  4  2  0
procs -----------memory---------- ---swap-- -----io---- -system-- ------cpu-----
 r  b   swpd   free   buff  cache   si   so    bi    bo   in   cs us sy id wa st
15  0      0 12140516     12 1141020    0    0     0 11637 73342 80506 67 28  3  2  0
16  2      0 12138876     12 1141024    0    0     0 11822 72877 80097 66 27  5  2  0
41  0      0 12136792     12 1141024    0    0     0 13028 77543 85495 68 26  4  2  0
 6  1      0 12136048     12 1141024    0    0     0 15182 81616 86568 68 27  4  2  0
14  0      0 12133904     12 1141028    0    0     0 12793 79440 85102 67 28  4  2  0
25  0      0 12133804     12 1141032    0    0     0 11784 70381 77442 68 26  4  2  0
38  1      0 12133020     12 1141032    0    0     0 11753 70223 77967 66 27  5  2  0
20  1      0 12131884     12 1141032    0    0     0 11777 74678 80770 68 26  3  2  0
15  2      0 12129860     12 1141032    0    0     0 11825 74170 81530 67 27  4  2  0
23  1      0 12127676     12 1141036    0    0     0 11379 75722 80490 68 27  4  1  0
20  0      0 12126168     12 1141036    0    0     0 11411 70425 76394 67 26  4  2  0
23  3      0 12123596     12 1141044    0    0     0 11254 71649 77998 66 28  5  1  0
30  2      0 12124020     12 1141044    0    0     0 11696 69528 76467 67 27  4  2  0
44  0      0 12123644     12 1141044    0    0     0 13548 81046 89750 68 26  4  1  0
27  4      0 12121276     12 1141048    0    0     0 12843 75378 85124 68 26  4  2  0
28  0      0 12119192     12 1141048    0    0     0 11382 67956 76401 68 26  4  2  0
23  1      0 12117784     12 1141048    0    0     0 11732 70945 75350 69 26  4  1  0
27  0      0 12116048     12 1141048    0    0     0 11176 71929 76874 68 26  4  2  0
26  0      0 12115312     12 1141048    0    0     0 12913 78892 83658 69 26  4  1  0
38  1      0 12113440     12 1141052    0    0     0 12510 77097 82714 66 28  4  1  0
33  0      0 12111424     12 1141056    0    0     0 10936 71694 77329 67 27  4  2  0
procs -----------memory---------- ---swap-- -----io---- -system-- ------cpu-----
 r  b   swpd   free   buff  cache   si   so    bi    bo   in   cs us sy id wa st
27  1      0 12110480     12 1141056    0    0     0 10885 72359 78116 69 26  4  1  0
10  1      0 12109412     12 1141056    0    0     0 12636 76996 86868 67 26  4  2  0
26  0      0 12108416     12 1141060    0    0     0  9666 72564 82297 64 27  5  4  0
22  0      0 12106396     12 1141060    0    0     0 13618 80103 90289 68 26  4  2  0
27  0      0 12104056     12 1141060    0    0     0 12730 75494 84288 66 28  4  2  0
19  0      0 12103112     12 1141060    0    0     0 11591 71859 77731 68 27  5  1  0
26  0      0 12102604     12 1141060    0    0     0 13013 79059 85027 68 27  4  2  0
31  0      0 12100392     12 1141096    0    0    24 14203 81062 87703 68 27  4  2  0
19  1      0 12099188     12 1141088    0    0     0 12504 78931 84465 68 27  3  2  0
21  1      0 12098992     12 1141112    0    0    24 13455 78111 83351 69 26  4  2  0
16  4      0 12097164     12 1141112    0    0     0 13018 77420 86220 66 28  5  2  0
26  2      0 12096712     12 1141112    0    0     0 12773 77824 85861 68 26  4  1  0
22  2      0 12094152     12 1141116    0    0     0 14016 77790 86514 67 27  5  2  0
28  1      0 12092988     12 1141116    0    0     0 13499 78558 86576 68 26  4  2  0
33  0      0 12091092     12 1141116    0    0     0 12673 77568 82335 69 26  4  2  0
20  1      0 12090216     12 1141116    0    0     0 11707 71814 78118 68 26  4  2  0
14  0      0 12088480     12 1141100    0    0    24 13039 72782 81086 67 28  4  2  0
32  2      0 12087696     12 1141120    0    0     0 13010 77565 86420 66 28  5  1  0
19  1      0 12085840     12 1141104    0    0     0 11879 74836 83972 67 26  5  2  0
33  1      0 12084208     12 1141104    0    0     0 12922 78624 84299 70 25  3  2  0
18  0      0 12082544     12 1141104    0    0     0 12906 75125 82375 67 28  4  2  0
procs -----------memory---------- ---swap-- -----io---- -system-- ------cpu-----
 r  b   swpd   free   buff  cache   si   so    bi    bo   in   cs us sy id wa st
23  0      0 12081416     12 1141112    0    0     0 12143 75391 84234 68 26  5  1  0
29  2      0 12079012     12 1141112    0    0     0 11575 74185 81069 68 28  4  1  0
24  1      0 12077376     12 1141112    0    0     0 12954 75345 83220 68 27  4  2  0
36  1      0 12076564     12 1141096    0    0     0 11277 73284 79945 69 26  4  1  0
12  1      0 12075368     12 1141096    0    0     0 13120 77500 86173 68 27  4  2  0
21  3      0 12073868     12 1141096    0    0     0 12076 73742 81651 68 26  4  2  0
31  1      0 12072508     12 1141096    0    0     0 12538 79397 86463 68 28  4  1  0
20  0      0 12071248     12 1141096    0    0     0 14158 79649 87542 67 27  4  2  0
30  0      0 12069344     12 1141096    0    0     0 11364 71151 77170 67 27  4  1  0
39  1      0 12068488     12 1141100    0    0     0 12052 77246 82846 68 27  4  1  0
19  2      0 12067924     12 1141100    0    0     0 12856 76886 84046 66 28  4  2  0
24  3      0 12065932     12 1141100    0    0     0 12231 75657 81212 67 28  4  1  0
35  2      0 12065384     12 1141104    0    0     0 12295 77698 83681 66 27  5  1  0
16  0      0 12063328     12 1141104    0    0     0 11130 76197 81502 66 27  5  2  0
47  0      0 12062560     12 1141104    0    0     0 12483 74229 81402 69 26  4  1  0
37  1      0 12060936     12 1141104    0    0     0 13443 78356 87965 67 28  4  2  0
29  3      0 12057960     12 1141108    0    0     0 13114 80080 89186 67 27  5  2  0
26  4      0 12057336     12 1141108    0    0     0 12334 76617 86118 67 27  5  2  0
22  5      0 12055248     12 1141108    0    0     0 10852 72456 77819 68 26  5  2  0
39  2      0 12055156     12 1141120    0    0     0 11870 76358 82882 66 28  4  2  0
41  0      0 12053468     12 1141120    0    0     0 13092 81695 87947 67 27  4  2  0
procs -----------memory---------- ---swap-- -----io---- -system-- ------cpu-----
 r  b   swpd   free   buff  cache   si   so    bi    bo   in   cs us sy id wa st
16  2      0 12052548     12 1141120    0    0     0 12708 77773 87268 67 26  5  2  0
15  2      0 12050652     12 1141120    0    0     0 12796 80139 86438 68 27  4  2  0
41  3      0 12050012     12 1141124    0    0     0 12583 75464 81443 68 27  4  2  0
20  0      0 12047808     12 1141124    0    0     0 12841 75779 82626 68 27  4  2  0
28  1      0 12046808     12 1141124    0    0     0 12670 79707 85825 68 27  3  2  0
34  4      0 12045552     12 1141124    0    0     0 11191 75292 84105 67 26  4  3  0
 0  0      0 13518024     12 1141064    0    0     0  9347 73051 80791 55 30 12  2  0
 1  0      0 13517992     12 1141052    0    0     0   251 2761 5034  1  1 98  1  0
 2  0      0 13519828     12 1141048    0    0     0   250 2373 3649  1  1 97  1  0
 1  0      0 13519796     12 1141020    0    0     0   211 1521 2560  1  1 99  0  0
 2  0      0 13521656     12 1141000    0    0     0   210 1589 2556  1  1 98  0  0
